-1.007080078125000000e-01
2.819824218750000000e+00
6.143188476562500000e+00
9.365844726562500000e+00
1.268920898437500000e+01
1.591186523437500000e+01
1.923522949218750000e+01
2.245788574218750000e+01
2.568054199218750000e+01
2.890319824218750000e+01
3.222656250000000000e+01
3.544921875000000000e+01
3.867187500000000000e+01
4.189453125000000000e+01
4.521789550781250000e+01
4.844055175781250000e+01
5.166320800781250000e+01
5.488586425781250000e+01
5.820922851562500000e+01
6.143188476562500000e+01
6.475524902343750000e+01
6.797790527343750000e+01
7.130126953125000000e+01
7.452392578125000000e+01
7.764587402343750000e+01
8.086853027343750000e+01
8.419189453125000000e+01
8.741455078125000000e+01
9.073791503906250000e+01
9.396057128906250000e+01
9.728393554687500000e+01
1.005065917968750000e+02
1.033264160156250000e+02
1.065490722656250000e+02
1.098724365234375000e+02
1.131958007812500000e+02
1.164184570312500000e+02
1.196411132812500000e+02
1.229644775390625000e+02
1.261871337890625000e+02
1.294097900390625000e+02
1.326324462890625000e+02
1.359558105468750000e+02
1.391784667968750000e+02
1.424011230468750000e+02
1.456237792968750000e+02
1.489471435546875000e+02
1.521697998046875000e+02
1.553924560546875000e+02
1.586151123046875000e+02
1.619384765625000000e+02
1.651611328125000000e+02
1.683837890625000000e+02
1.716064453125000000e+02
1.749298095703125000e+02
1.781524658203125000e+02
1.813751220703125000e+02
1.845977783203125000e+02
1.879211425781250000e+02
1.911437988281250000e+02
1.943664550781250000e+02
1.975891113281250000e+02
2.009124755859375000e+02
2.041351318359375000e+02
2.069549560546875000e+02
2.101776123046875000e+02
2.135009765625000000e+02
2.167236328125000000e+02
2.200469970703125000e+02
2.232696533203125000e+02
2.267944335937500000e+02
2.297149658203125000e+02
2.329376220703125000e+02
2.361602783203125000e+02
2.394836425781250000e+02
2.427062988281250000e+02
2.460296630859375000e+02
2.492523193359375000e+02
2.524749755859375000e+02
2.556976318359375000e+02
2.589202880859375000e+02
2.621429443359375000e+02
2.654663085937500000e+02
2.686889648437500000e+02
2.720123291015625000e+02
2.751342773437500000e+02
2.784576416015625000e+02
2.817810058593750000e+02
2.849029541015625000e+02
2.881256103515625000e+02
2.914489746093750000e+02
2.946716308593750000e+02
2.979949951171875000e+02
3.012176513671875000e+02
3.044403076171875000e+02
3.076629638671875000e+02
3.105834960937500000e+02
3.138061523437500000e+02
3.171295166015625000e+02
3.203521728515625000e+02
3.236755371093750000e+02
3.268981933593750000e+02
3.302215576171875000e+02
3.334442138671875000e+02
3.366668701171875000e+02
3.399902343750000000e+02
3.431121826171875000e+02
3.463348388671875000e+02
3.496582031250000000e+02
3.528808593750000000e+02
3.562042236328125000e+02
3.594268798828125000e+02
3.625488281250000000e+02
3.657714843750000000e+02
3.690948486328125000e+02
3.723175048828125000e+02
3.756408691406250000e+02
3.788635253906250000e+02
3.821868896484375000e+02
3.854095458984375000e+02
3.885314941406250000e+02
3.917541503906250000e+02
3.950775146484375000e+02
3.983001708984375000e+02
4.016235351562500000e+02
4.048461914062500000e+02
4.081695556640625000e+02
4.112915039062500000e+02
4.127014160156250000e+02
4.158233642578125000e+02
4.191467285156250000e+02
4.223693847656250000e+02
4.256927490234375000e+02
4.289154052734375000e+02
4.322387695312500000e+02
4.354614257812500000e+02
4.385833740234375000e+02
4.419067382812500000e+02
4.451293945312500000e+02
4.483520507812500000e+02
4.517761230468750000e+02
4.545959472656250000e+02
4.581207275390625000e+02
4.614440917968750000e+02
4.645660400390625000e+02
4.677886962890625000e+02
4.711120605468750000e+02
4.743347167968750000e+02
4.776580810546875000e+02
4.808807373046875000e+02
4.842041015625000000e+02
4.874267578125000000e+02
4.906494140625000000e+02
4.937713623046875000e+02
4.970947265625000000e+02
5.003173828125000000e+02
5.036407470703125000e+02
5.068634033203125000e+02
5.101867675781250000e+02
5.134094238281250000e+02
5.163299560546875000e+02
5.195526123046875000e+02
5.228759765625000000e+02
5.259979248046875000e+02
5.293212890625000000e+02
5.325439453125000000e+02
5.358673095703125000e+02
5.390899658203125000e+02
5.422119140625000000e+02
5.454345703125000000e+02
5.487579345703125000e+02
5.520812988281250000e+02
5.553039550781250000e+02
5.585266113281250000e+02
5.618499755859375000e+02
5.650726318359375000e+02
5.680938720703125000e+02
5.713165283203125000e+02
5.747406005859375000e+02
5.779632568359375000e+02
5.812866210937500000e+02
5.845092773437500000e+02
5.878326416015625000e+02
5.910552978515625000e+02
5.941772460937500000e+02
5.973999023437500000e+02
6.007232666015625000e+02
6.039459228515625000e+02
6.071685791015625000e+02
6.103912353515625000e+02
6.137145996093750000e+02
6.169372558593750000e+02
6.197570800781250000e+02
6.229797363281250000e+02
6.263031005859375000e+02
6.295257568359375000e+02
6.328491210937500000e+02
6.360717773437500000e+02
6.393951416015625000e+02
6.426177978515625000e+02
6.457397460937500000e+02
6.489624023437500000e+02
6.522857666015625000e+02
6.555084228515625000e+02
6.587310791015625000e+02
6.620544433593750000e+02
6.652770996093750000e+02
6.686004638671875000e+02
6.717224121093750000e+02
6.749450683593750000e+02
6.783691406250000000e+02
6.814910888671875000e+02
6.846130371093750000e+02
6.878356933593750000e+02
6.912597656250000000e+02
6.944824218750000000e+02
6.977050781250000000e+02
7.008270263671875000e+02
7.041503906250000000e+02
7.073730468750000000e+02
7.107971191406250000e+02
7.139190673828125000e+02
7.172424316406250000e+02
7.205657958984375000e+02
7.233856201171875000e+02
7.266082763671875000e+02
7.298309326171875000e+02
7.331542968750000000e+02
7.364776611328125000e+02
7.395996093750000000e+02
7.429229736328125000e+02
7.461456298828125000e+02
7.493682861328125000e+02
7.525909423828125000e+02
7.559143066406250000e+02
7.591369628906250000e+02
7.623596191406250000e+02
7.655822753906250000e+02
7.689056396484375000e+02
7.721282958984375000e+02
7.753509521484375000e+02
7.785736083984375000e+02
7.818969726562500000e+02
7.850189208984375000e+02
7.883422851562500000e+02
7.915649414062500000e+02
7.949890136718750000e+02
7.980102539062500000e+02
8.012329101562500000e+02
8.044555664062500000e+02
8.078796386718750000e+02
8.110015869140625000e+02
8.143249511718750000e+02
8.175476074218750000e+02
8.208709716796875000e+02
8.240936279296875000e+02
8.254028320312500000e+02
8.285247802734375000e+02
8.318481445312500000e+02
8.349700927734375000e+02
8.382934570312500000e+02
8.415161132812500000e+02
8.448394775390625000e+02
8.480621337890625000e+02
8.512847900390625000e+02
8.544067382812500000e+02
8.577301025390625000e+02
8.610534667968750000e+02
8.642761230468750000e+02
8.674987792968750000e+02
8.708221435546875000e+02
8.740447998046875000e+02
8.771667480468750000e+02
8.803894042968750000e+02
8.837127685546875000e+02
8.869354248046875000e+02
8.902587890625000000e+02
8.934814453125000000e+02
8.968048095703125000e+02
9.000274658203125000e+02
9.032501220703125000e+02
9.064727783203125000e+02
9.092926025390625000e+02
9.128173828125000000e+02
9.161407470703125000e+02
9.193634033203125000e+02
9.226867675781250000e+02
9.259094238281250000e+02
9.289306640625000000e+02
9.321533203125000000e+02
9.353759765625000000e+02
9.385986328125000000e+02
9.419219970703125000e+02
9.451446533203125000e+02
9.483673095703125000e+02
9.516906738281250000e+02
9.549133300781250000e+02
9.580352783203125000e+02
9.613586425781250000e+02
9.645812988281250000e+02
9.679046630859375000e+02
9.711273193359375000e+02
9.744506835937500000e+02
9.776733398437500000e+02
9.807952880859375000e+02
9.840179443359375000e+02
9.873413085937500000e+02
9.905639648437500000e+02
9.938873291015625000e+02
9.970092773437500000e+02
1.000332641601562500e+03
1.003555297851562500e+03
1.006777954101562500e+03
1.010000610351562500e+03
1.013323974609375000e+03
1.016546630859375000e+03
1.019769287109375000e+03
1.022991943359375000e+03
1.026315307617187500e+03
1.029537963867187500e+03
1.032357788085937500e+03
1.035580444335937500e+03
1.038903808593750000e+03
1.042025756835937500e+03
1.045349121093750000e+03
1.048571777343750000e+03
1.051895141601562500e+03
1.055117797851562500e+03
1.058239746093750000e+03
1.061462402343750000e+03
1.064785766601562500e+03
1.068008422851562500e+03
1.071331787109375000e+03
1.074554443359375000e+03
1.077877807617187500e+03
1.081201171875000000e+03
1.084222412109375000e+03
1.087445068359375000e+03
1.090768432617187500e+03
1.093991088867187500e+03
1.097213745117187500e+03
1.100537109375000000e+03
1.103759765625000000e+03
1.106982421875000000e+03
1.110205078125000000e+03
1.113427734375000000e+03
1.116751098632812500e+03
1.119973754882812500e+03
1.123297119140625000e+03
1.126519775390625000e+03
1.129843139648437500e+03
1.133065795898437500e+03
1.136288452148437500e+03
1.139007568359375000e+03
1.142330932617187500e+03
1.145654296875000000e+03
1.148876953125000000e+03
1.152099609375000000e+03
1.155422973632812500e+03
1.158645629882812500e+03
1.161868286132812500e+03
1.165090942382812500e+03
1.168313598632812500e+03
1.171536254882812500e+03
1.174859619140625000e+03
1.178082275390625000e+03
1.181304931640625000e+03
1.184527587890625000e+03
1.187750244140625000e+03
1.190972900390625000e+03
1.194497680664062500e+03
1.197518920898437500e+03
1.200842285156250000e+03
1.204064941406250000e+03
1.207287597656250000e+03
1.210610961914062500e+03
1.213732910156250000e+03
1.216955566406250000e+03
1.220278930664062500e+03
1.223501586914062500e+03
1.226824951171875000e+03
1.229946899414062500e+03
1.233270263671875000e+03
1.236492919921875000e+03
1.237902832031250000e+03
1.241024780273437500e+03
1.244348144531250000e+03
1.247570800781250000e+03
1.250994873046875000e+03
1.254016113281250000e+03
1.257339477539062500e+03
1.260562133789062500e+03
1.263784790039062500e+03
1.267007446289062500e+03
1.270330810546875000e+03
1.273553466796875000e+03
1.276776123046875000e+03
1.279998779296875000e+03
1.283322143554687500e+03
1.286645507812500000e+03
1.289767456054687500e+03
1.292990112304687500e+03
1.296313476562500000e+03
1.299435424804687500e+03
1.302758789062500000e+03
1.305981445312500000e+03
1.309103393554687500e+03
1.312426757812500000e+03
1.315649414062500000e+03
1.318872070312500000e+03
1.322195434570312500e+03
1.325418090820312500e+03
1.328640747070312500e+03
1.331964111328125000e+03
1.335186767578125000e+03
1.338510131835937500e+03
1.341430664062500000e+03
1.344552612304687500e+03
1.347875976562500000e+03
1.351098632812500000e+03
1.354421997070312500e+03
1.357644653320312500e+03
1.360968017578125000e+03
1.363989257812500000e+03
1.367211914062500000e+03
1.370535278320312500e+03
1.373858642578125000e+03
1.377081298828125000e+03
1.380303955078125000e+03
1.383526611328125000e+03
1.386849975585937500e+03
1.390173339843750000e+03
1.393295288085937500e+03
1.396517944335937500e+03
1.399841308593750000e+03
1.402963256835937500e+03
1.406286621093750000e+03
1.409509277343750000e+03
1.412832641601562500e+03
1.416055297851562500e+03
1.419277954101562500e+03
1.422399902343750000e+03
1.425823974609375000e+03
1.429046630859375000e+03
1.432269287109375000e+03
1.435592651367187500e+03
1.438815307617187500e+03
1.442037963867187500e+03
1.444958496093750000e+03
1.448080444335937500e+03
1.451403808593750000e+03
1.454626464843750000e+03
1.457949829101562500e+03
1.461071777343750000e+03
1.464395141601562500e+03
1.467718505859375000e+03
1.470840454101562500e+03
1.474063110351562500e+03
1.477487182617187500e+03
1.480609130859375000e+03
1.483932495117187500e+03
1.487054443359375000e+03
1.490377807617187500e+03
1.493600463867187500e+03
1.496823120117187500e+03
1.499945068359375000e+03
1.503268432617187500e+03
1.506491088867187500e+03
1.509814453125000000e+03
1.513037109375000000e+03
1.516360473632812500e+03
1.519583129882812500e+03
1.522705078125000000e+03
1.525927734375000000e+03
1.529251098632812500e+03
1.532473754882812500e+03
1.535797119140625000e+03
1.539019775390625000e+03
1.542343139648437500e+03
1.545565795898437500e+03
1.548486328125000000e+03
1.551708984375000000e+03
1.554931640625000000e+03
1.558154296875000000e+03
1.561477661132812500e+03
1.564700317382812500e+03
1.568023681640625000e+03
1.571246337890625000e+03
1.574468994140625000e+03
1.577691650390625000e+03
1.581015014648437500e+03
1.584237670898437500e+03
1.587460327148437500e+03
1.590783691406250000e+03
1.593905639648437500e+03
1.597229003906250000e+03
1.600350952148437500e+03
1.603573608398437500e+03
1.606896972656250000e+03
1.610119628906250000e+03
1.613442993164062500e+03
1.616665649414062500e+03
1.619989013671875000e+03
1.623211669921875000e+03
1.626333618164062500e+03
1.629556274414062500e+03
1.632879638671875000e+03
1.636102294921875000e+03
1.639425659179687500e+03
1.642648315429687500e+03
1.645870971679687500e+03
1.649194335937500000e+03
1.648489379882812500e+03
1.651510620117187500e+03
1.654833984375000000e+03
1.658056640625000000e+03
1.661279296875000000e+03
1.664501953125000000e+03
1.667825317382812500e+03
1.671047973632812500e+03
1.674270629882812500e+03
1.677493286132812500e+03
1.680715942382812500e+03
1.683938598632812500e+03
1.687261962890625000e+03
1.690484619140625000e+03
1.693807983398437500e+03
1.697030639648437500e+03
1.700152587890625000e+03
1.703375244140625000e+03
1.706698608398437500e+03
1.709820556640625000e+03
1.713043212890625000e+03
1.716366577148437500e+03
1.719689941406250000e+03
1.722811889648437500e+03
1.726034545898437500e+03
1.729257202148437500e+03
1.732580566406250000e+03
1.735803222656250000e+03
1.739126586914062500e+03
1.742349243164062500e+03
1.745571899414062500e+03
1.748794555664062500e+03
1.751815795898437500e+03
1.755038452148437500e+03
1.758261108398437500e+03
1.761483764648437500e+03
1.764807128906250000e+03
1.768029785156250000e+03
1.771252441406250000e+03
1.774475097656250000e+03
1.777697753906250000e+03
1.780920410156250000e+03
1.784243774414062500e+03
1.787466430664062500e+03
1.790689086914062500e+03
1.793911743164062500e+03
1.797335815429687500e+03
1.800457763671875000e+03
1.803680419921875000e+03
1.806802368164062500e+03
1.810226440429687500e+03
1.813449096679687500e+03
1.816671752929687500e+03
1.819894409179687500e+03
1.823117065429687500e+03
1.826339721679687500e+03
1.829562377929687500e+03
1.832684326171875000e+03
1.836007690429687500e+03
1.839230346679687500e+03
1.842553710937500000e+03
1.845776367187500000e+03
1.849099731445312500e+03
1.852322387695312500e+03
1.855142211914062500e+03
1.858264160156250000e+03
1.861587524414062500e+03
1.864810180664062500e+03
1.868032836914062500e+03
1.871255493164062500e+03
1.874679565429687500e+03
1.877700805664062500e+03
1.880923461914062500e+03
1.884146118164062500e+03
1.887570190429687500e+03
1.890692138671875000e+03
1.894015502929687500e+03
1.897137451171875000e+03
1.900561523437500000e+03
1.903784179687500000e+03
1.906906127929687500e+03
1.910128784179687500e+03
1.913452148437500000e+03
1.916674804687500000e+03
1.919998168945312500e+03
1.923120117187500000e+03
1.926443481445312500e+03
1.929766845703125000e+03
1.932989501953125000e+03
1.936111450195312500e+03
1.939233398437500000e+03
1.942556762695312500e+03
1.945779418945312500e+03
1.949002075195312500e+03
1.952325439453125000e+03
1.955648803710937500e+03
1.958569335937500000e+03
1.961791992187500000e+03
1.965014648437500000e+03
1.968237304687500000e+03
1.971661376953125000e+03
1.974783325195312500e+03
1.978005981445312500e+03
1.981329345703125000e+03
1.984451293945312500e+03
1.987673950195312500e+03
1.990795898437500000e+03
1.994119262695312500e+03
1.997442626953125000e+03
2.000665283203125000e+03
2.003988647460937500e+03
2.007211303710937500e+03
2.010333251953125000e+03
2.013555908203125000e+03
2.016879272460937500e+03
2.020101928710937500e+03
2.023324584960937500e+03
2.026547241210937500e+03
2.029870605468750000e+03
2.033093261718750000e+03
2.036315917968750000e+03
2.039538574218750000e+03
2.042761230468750000e+03
2.046084594726562500e+03
2.049206542968750000e+03
2.052529907226562500e+03
2.055853271484375000e+03
2.059075927734375000e+03
2.060485839843750000e+03
2.063607788085937500e+03
2.066931152343750000e+03
2.070153808593750000e+03
2.073376464843750000e+03
2.076599121093750000e+03
2.079922485351562500e+03
2.083145141601562500e+03
2.086267089843750000e+03
2.089489746093750000e+03
2.092813110351562500e+03
2.096035766601562500e+03
2.099359130859375000e+03
2.102581787109375000e+03
2.105804443359375000e+03
2.109027099609375000e+03
2.112149047851562500e+03
2.115472412109375000e+03
2.118695068359375000e+03
2.121917724609375000e+03
2.125241088867187500e+03
2.128463745117187500e+03
2.131787109375000000e+03
2.134909057617187500e+03
2.138131713867187500e+03
2.141354370117187500e+03
2.144677734375000000e+03
2.147900390625000000e+03
2.151123046875000000e+03
2.154446411132812500e+03
2.157769775390625000e+03
2.161093139648437500e+03
2.163409423828125000e+03
2.166732788085937500e+03
2.170156860351562500e+03
2.173480224609375000e+03
2.176702880859375000e+03
2.179925537109375000e+03
2.183248901367187500e+03
2.186471557617187500e+03
2.189694213867187500e+03
2.192916870117187500e+03
2.196139526367187500e+03
2.199362182617187500e+03
2.202685546875000000e+03
2.205908203125000000e+03
2.209231567382812500e+03
2.212554931640625000e+03
2.215777587890625000e+03
2.218698120117187500e+03
2.222122192382812500e+03
2.225344848632812500e+03
2.228668212890625000e+03
2.231890869140625000e+03
2.235214233398437500e+03
2.238336181640625000e+03
2.241558837890625000e+03
2.244781494140625000e+03
2.248104858398437500e+03
2.251327514648437500e+03
2.254650878906250000e+03
2.257873535156250000e+03
2.261196899414062500e+03
2.264318847656250000e+03
2.267239379882812500e+03
2.270361328125000000e+03
2.273684692382812500e+03
2.276806640625000000e+03
2.280130004882812500e+03
2.283352661132812500e+03
2.286676025390625000e+03
2.289898681640625000e+03
2.293020629882812500e+03
2.296243286132812500e+03
2.299566650390625000e+03
2.302789306640625000e+03
2.306011962890625000e+03
2.309234619140625000e+03
2.312557983398437500e+03
2.315780639648437500e+03
2.318902587890625000e+03
2.322125244140625000e+03
2.325448608398437500e+03
2.328771972656250000e+03
2.331793212890625000e+03
2.335116577148437500e+03
2.338439941406250000e+03
2.341662597656250000e+03
2.344784545898437500e+03
2.348107910156250000e+03
2.351330566406250000e+03
2.354553222656250000e+03
2.357876586914062500e+03
2.361099243164062500e+03
2.364422607421875000e+03
2.367645263671875000e+03
2.370666503906250000e+03
2.373889160156250000e+03
2.377111816406250000e+03
2.380334472656250000e+03
2.383657836914062500e+03
2.386981201171875000e+03
2.390203857421875000e+03
2.393325805664062500e+03
2.396447753906250000e+03
2.399670410156250000e+03
2.402993774414062500e+03
2.406216430664062500e+03
2.409539794921875000e+03
2.412661743164062500e+03
2.416085815429687500e+03
2.419308471679687500e+03
2.422531127929687500e+03
2.425753784179687500e+03
2.428976440429687500e+03
2.432199096679687500e+03
2.435421752929687500e+03
2.438745117187500000e+03
2.441967773437500000e+03
2.445190429687500000e+03
2.448413085937500000e+03
2.451635742187500000e+03
2.454858398437500000e+03
2.458081054687500000e+03
2.461404418945312500e+03
2.464627075195312500e+03
2.467950439453125000e+03
2.471173095703125000e+03
2.472583007812500000e+03
2.475604248046875000e+03
2.478927612304687500e+03
2.482150268554687500e+03
2.485372924804687500e+03
2.488595581054687500e+03
2.491918945312500000e+03
2.495141601562500000e+03
2.498364257812500000e+03
2.501586914062500000e+03
2.504809570312500000e+03
2.508032226562500000e+03
2.511254882812500000e+03
2.514578247070312500e+03
2.517901611328125000e+03
2.521124267578125000e+03
2.524246215820312500e+03
2.527468872070312500e+03
2.530792236328125000e+03
2.534014892578125000e+03
2.537237548828125000e+03
2.540460205078125000e+03
2.543783569335937500e+03
2.547006225585937500e+03
2.550228881835937500e+03
2.553451538085937500e+03
2.556774902343750000e+03
2.559896850585937500e+03
2.563220214843750000e+03
2.566442871093750000e+03
2.569766235351562500e+03
2.572988891601562500e+03
2.575909423828125000e+03
2.579031372070312500e+03
2.582354736328125000e+03
2.585678100585937500e+03
2.588800048828125000e+03
2.592123413085937500e+03
2.595446777343750000e+03
2.598669433593750000e+03
2.601791381835937500e+03
2.605014038085937500e+03
2.608337402343750000e+03
2.611660766601562500e+03
2.614984130859375000e+03
2.617703247070312500e+03
2.621228027343750000e+03
2.624551391601562500e+03
2.627673339843750000e+03
2.630895996093750000e+03
2.634219360351562500e+03
2.637442016601562500e+03
2.640765380859375000e+03
2.643988037109375000e+03
2.647311401367187500e+03
2.650534057617187500e+03
2.653756713867187500e+03
2.656878662109375000e+03
2.660202026367187500e+03
2.663424682617187500e+03
2.666748046875000000e+03
2.669970703125000000e+03
2.673294067382812500e+03
2.676516723632812500e+03
2.679336547851562500e+03
2.682458496093750000e+03
2.685781860351562500e+03
2.689004516601562500e+03
2.692327880859375000e+03
2.695550537109375000e+03
2.698873901367187500e+03
2.701995849609375000e+03
2.705218505859375000e+03
2.708441162109375000e+03
2.711865234375000000e+03
2.714987182617187500e+03
2.718310546875000000e+03
2.721533203125000000e+03
2.724856567382812500e+03
2.728079223632812500e+03
2.731201171875000000e+03
2.734323120117187500e+03
2.737646484375000000e+03
2.740969848632812500e+03
2.744192504882812500e+03
2.747415161132812500e+03
2.750738525390625000e+03
2.753961181640625000e+03
2.757083129882812500e+03
2.760305786132812500e+03
2.763629150390625000e+03
2.766952514648437500e+03
2.770175170898437500e+03
2.773397827148437500e+03
2.776721191406250000e+03
2.780044555664062500e+03
2.782965087890625000e+03
2.786087036132812500e+03
2.789410400390625000e+03
2.792633056640625000e+03
2.795855712890625000e+03
2.799078369140625000e+03
2.802401733398437500e+03
2.805624389648437500e+03
2.808746337890625000e+03
2.811968994140625000e+03
2.815292358398437500e+03
2.818515014648437500e+03
2.821737670898437500e+03
2.825061035156250000e+03
2.828384399414062500e+03
2.831607055664062500e+03
2.834829711914062500e+03
2.838052368164062500e+03
2.841375732421875000e+03
2.844799804687500000e+03
2.847720336914062500e+03
2.850942993164062500e+03
2.854367065429687500e+03
2.857589721679687500e+03
2.860812377929687500e+03
2.863934326171875000e+03
2.867257690429687500e+03
2.870480346679687500e+03
2.873803710937500000e+03
2.877026367187500000e+03
2.880349731445312500e+03
2.883572387695312500e+03
2.885083007812500000e+03
2.888104248046875000e+03
2.891427612304687500e+03
2.894650268554687500e+03
2.897872924804687500e+03
2.901196289062500000e+03
2.904418945312500000e+03
2.907641601562500000e+03
2.910864257812500000e+03
2.914086914062500000e+03
2.917309570312500000e+03
2.920632934570312500e+03
2.923855590820312500e+03
2.927078247070312500e+03
2.930401611328125000e+03
2.933624267578125000e+03
2.936746215820312500e+03
2.939968872070312500e+03
2.943292236328125000e+03
2.946514892578125000e+03
2.949838256835937500e+03
2.952960205078125000e+03
2.956384277343750000e+03
2.959405517578125000e+03
2.962728881835937500e+03
2.965951538085937500e+03
2.969274902343750000e+03
2.972396850585937500e+03
2.975720214843750000e+03
2.978942871093750000e+03
2.982266235351562500e+03
2.985488891601562500e+03
2.988510131835937500e+03
2.991732788085937500e+03
2.995056152343750000e+03
2.998178100585937500e+03
3.001501464843750000e+03
3.004724121093750000e+03
3.008047485351562500e+03
3.011270141601562500e+03
3.014492797851562500e+03
3.017614746093750000e+03
3.020938110351562500e+03
3.024160766601562500e+03
3.027484130859375000e+03
3.030606079101562500e+03
3.033929443359375000e+03
3.037252807617187500e+03
3.040374755859375000e+03
3.043597412109375000e+03
3.046920776367187500e+03
3.050143432617187500e+03
3.053366088867187500e+03
3.056588745117187500e+03
3.059912109375000000e+03
3.063134765625000000e+03
3.066357421875000000e+03
3.069580078125000000e+03
3.072500610351562500e+03
3.076025390625000000e+03
3.079348754882812500e+03
3.082672119140625000e+03
3.085995483398437500e+03
3.089218139648437500e+03
3.092138671875000000e+03
3.095260620117187500e+03
3.098483276367187500e+03
3.101705932617187500e+03
3.105029296875000000e+03
3.108251953125000000e+03
3.111575317382812500e+03
3.114797973632812500e+03
3.117919921875000000e+03
3.121142578125000000e+03
3.124465942382812500e+03
3.127688598632812500e+03
3.130911254882812500e+03
3.134133911132812500e+03
3.137457275390625000e+03
3.140679931640625000e+03
3.143902587890625000e+03
3.147125244140625000e+03
3.150448608398437500e+03
3.153671264648437500e+03
3.156893920898437500e+03
3.160116577148437500e+03
3.163439941406250000e+03
3.166662597656250000e+03
3.169885253906250000e+03
3.173107910156250000e+03
3.176431274414062500e+03
3.179653930664062500e+03
3.182977294921875000e+03
3.186099243164062500e+03
3.189422607421875000e+03
3.192745971679687500e+03
3.195767211914062500e+03
3.198889160156250000e+03
3.202111816406250000e+03
3.205435180664062500e+03
3.208657836914062500e+03
3.211880493164062500e+03
3.215203857421875000e+03
3.218426513671875000e+03
3.221649169921875000e+03
3.224871826171875000e+03
3.228195190429687500e+03
3.231317138671875000e+03
3.234640502929687500e+03
3.237863159179687500e+03
3.241186523437500000e+03
3.244409179687500000e+03
3.247631835937500000e+03
3.250854492187500000e+03
3.254177856445312500e+03
3.257400512695312500e+03
3.260623168945312500e+03
3.263845825195312500e+03
3.267169189453125000e+03
3.270391845703125000e+03
3.273614501953125000e+03
3.276837158203125000e+03
3.280160522460937500e+03
3.283383178710937500e+03
3.286706542968750000e+03
3.289929199218750000e+03
3.293252563476562500e+03
3.296475219726562500e+03
