-1.007080078125000000e-01
1.107788085937500000e+00
2.719116210937500000e+00
4.431152343750000000e+00
6.042480468750000000e+00
7.653808593750000000e+00
9.265136718750000000e+00
1.087646484375000000e+01
1.258850097656250000e+01
1.419982910156250000e+01
1.581115722656250000e+01
1.742248535156250000e+01
1.903381347656250000e+01
2.074584960937500000e+01
2.235717773437500000e+01
2.396850585937500000e+01
2.557983398437500000e+01
2.719116210937500000e+01
2.880249023437500000e+01
3.041381835937500000e+01
3.202514648437500000e+01
3.363647460937500000e+01
3.524780273437500000e+01
3.695983886718750000e+01
3.857116699218750000e+01
4.018249511718750000e+01
4.179382324218750000e+01
4.350585937500000000e+01
4.501647949218750000e+01
4.672851562500000000e+01
4.833984375000000000e+01
4.995117187500000000e+01
5.156250000000000000e+01
5.307312011718750000e+01
5.478515625000000000e+01
5.639648437500000000e+01
5.800781250000000000e+01
5.961914062500000000e+01
6.123046875000000000e+01
6.294250488281250000e+01
6.455383300781250000e+01
6.616516113281250000e+01
6.777648925781250000e+01
6.948852539062500000e+01
7.109985351562500000e+01
7.271118164062500000e+01
7.432250976562500000e+01
7.593383789062500000e+01
7.754516601562500000e+01
7.915649414062500000e+01
8.076782226562500000e+01
8.237915039062500000e+01
8.399047851562500000e+01
8.570251464843750000e+01
8.731384277343750000e+01
8.892517089843750000e+01
9.053649902343750000e+01
9.214782714843750000e+01
9.385986328125000000e+01
9.547119140625000000e+01
9.708251953125000000e+01
9.869384765625000000e+01
1.003051757812500000e+02
1.020172119140625000e+02
1.033264160156250000e+02
1.048370361328125000e+02
1.064483642578125000e+02
1.081604003906250000e+02
1.097717285156250000e+02
1.113830566406250000e+02
1.129943847656250000e+02
1.146057128906250000e+02
1.163177490234375000e+02
1.179290771484375000e+02
1.195404052734375000e+02
1.212524414062500000e+02
1.228637695312500000e+02
1.244750976562500000e+02
1.260864257812500000e+02
1.276977539062500000e+02
1.292083740234375000e+02
1.309204101562500000e+02
1.324310302734375000e+02
1.341430664062500000e+02
1.357543945312500000e+02
1.373657226562500000e+02
1.389770507812500000e+02
1.406890869140625000e+02
1.423004150390625000e+02
1.439117431640625000e+02
1.455230712890625000e+02
1.472351074218750000e+02
1.488464355468750000e+02
1.504577636718750000e+02
1.520690917968750000e+02
1.536804199218750000e+02
1.551910400390625000e+02
1.568023681640625000e+02
1.584136962890625000e+02
1.601257324218750000e+02
1.617370605468750000e+02
1.633483886718750000e+02
1.649597167968750000e+02
1.666717529296875000e+02
1.682830810546875000e+02
1.698944091796875000e+02
1.715057373046875000e+02
1.731170654296875000e+02
1.747283935546875000e+02
1.764404296875000000e+02
1.780517578125000000e+02
1.796630859375000000e+02
1.811737060546875000e+02
1.827850341796875000e+02
1.843963623046875000e+02
1.861083984375000000e+02
1.877197265625000000e+02
1.893310546875000000e+02
1.909423828125000000e+02
1.926544189453125000e+02
1.941650390625000000e+02
1.958770751953125000e+02
1.974884033203125000e+02
1.990997314453125000e+02
2.007110595703125000e+02
2.024230957031250000e+02
2.039337158203125000e+02
2.056457519531250000e+02
2.068542480468750000e+02
2.084655761718750000e+02
2.099761962890625000e+02
2.116882324218750000e+02
2.132995605468750000e+02
2.149108886718750000e+02
2.165222167968750000e+02
2.182342529296875000e+02
2.198455810546875000e+02
2.215576171875000000e+02
2.231689453125000000e+02
2.248809814453125000e+02
2.260894775390625000e+02
2.279022216796875000e+02
2.296142578125000000e+02
2.312255859375000000e+02
2.328369140625000000e+02
2.344482421875000000e+02
2.360595703125000000e+02
2.376708984375000000e+02
2.392822265625000000e+02
2.409942626953125000e+02
2.425048828125000000e+02
2.442169189453125000e+02
2.458282470703125000e+02
2.475402832031250000e+02
2.490509033203125000e+02
2.507629394531250000e+02
2.523742675781250000e+02
2.539855957031250000e+02
2.555969238281250000e+02
2.573089599609375000e+02
2.587188720703125000e+02
2.604309082031250000e+02
2.619415283203125000e+02
2.636535644531250000e+02
2.652648925781250000e+02
2.669769287109375000e+02
2.684875488281250000e+02
2.701995849609375000e+02
2.718109130859375000e+02
2.734222412109375000e+02
2.750335693359375000e+02
2.767456054687500000e+02
2.783569335937500000e+02
2.799682617187500000e+02
2.815795898437500000e+02
2.832916259765625000e+02
2.847015380859375000e+02
2.864135742187500000e+02
2.880249023437500000e+02
2.896362304687500000e+02
2.912475585937500000e+02
2.929595947265625000e+02
2.944702148437500000e+02
2.961822509765625000e+02
2.977935791015625000e+02
2.995056152343750000e+02
3.010162353515625000e+02
3.027282714843750000e+02
3.042388916015625000e+02
3.059509277343750000e+02
3.075622558593750000e+02
3.092742919921875000e+02
3.105834960937500000e+02
3.120941162109375000e+02
3.137054443359375000e+02
3.154174804687500000e+02
3.170288085937500000e+02
3.186401367187500000e+02
3.202514648437500000e+02
3.219635009765625000e+02
3.235748291015625000e+02
3.251861572265625000e+02
3.267974853515625000e+02
3.285095214843750000e+02
3.300201416015625000e+02
3.317321777343750000e+02
3.332427978515625000e+02
3.349548339843750000e+02
3.364654541015625000e+02
3.382781982421875000e+02
3.396881103515625000e+02
3.414001464843750000e+02
3.429107666015625000e+02
3.446228027343750000e+02
3.462341308593750000e+02
3.478454589843750000e+02
3.494567871093750000e+02
3.511688232421875000e+02
3.527801513671875000e+02
3.543914794921875000e+02
3.560028076171875000e+02
3.577148437500000000e+02
3.592254638671875000e+02
3.609375000000000000e+02
3.624481201171875000e+02
3.640594482421875000e+02
3.656707763671875000e+02
3.673828125000000000e+02
3.688934326171875000e+02
3.706054687500000000e+02
3.722167968750000000e+02
3.738281250000000000e+02
3.754394531250000000e+02
3.771514892578125000e+02
3.786621093750000000e+02
3.803741455078125000e+02
3.819854736328125000e+02
3.835968017578125000e+02
3.852081298828125000e+02
3.869201660156250000e+02
3.884307861328125000e+02
3.900421142578125000e+02
3.916534423828125000e+02
3.932647705078125000e+02
3.948760986328125000e+02
3.965881347656250000e+02
3.980987548828125000e+02
3.998107910156250000e+02
4.014221191406250000e+02
4.031341552734375000e+02
4.046447753906250000e+02
4.063568115234375000e+02
4.079681396484375000e+02
4.095794677734375000e+02
4.111907958984375000e+02
4.129028320312500000e+02
4.128021240234375000e+02
4.141113281250000000e+02
4.157226562500000000e+02
4.174346923828125000e+02
4.189453125000000000e+02
4.206573486328125000e+02
4.222686767578125000e+02
4.238800048828125000e+02
4.254913330078125000e+02
4.272033691406250000e+02
4.288146972656250000e+02
4.304260253906250000e+02
4.320373535156250000e+02
4.337493896484375000e+02
4.352600097656250000e+02
4.369720458984375000e+02
4.384826660156250000e+02
4.400939941406250000e+02
4.417053222656250000e+02
4.434173583984375000e+02
4.450286865234375000e+02
4.466400146484375000e+02
4.482513427734375000e+02
4.500640869140625000e+02
4.516754150390625000e+02
4.531860351562500000e+02
4.546966552734375000e+02
4.564086914062500000e+02
4.580200195312500000e+02
4.596313476562500000e+02
4.612426757812500000e+02
4.629547119140625000e+02
4.644653320312500000e+02
4.660766601562500000e+02
4.676879882812500000e+02
4.692993164062500000e+02
4.709106445312500000e+02
4.726226806640625000e+02
4.742340087890625000e+02
4.759460449218750000e+02
4.774566650390625000e+02
4.791687011718750000e+02
4.806793212890625000e+02
4.823913574218750000e+02
4.840026855468750000e+02
4.857147216796875000e+02
4.872253417968750000e+02
4.889373779296875000e+02
4.904479980468750000e+02
4.920593261718750000e+02
4.936706542968750000e+02
4.953826904296875000e+02
4.968933105468750000e+02
4.986053466796875000e+02
5.001159667968750000e+02
5.018280029296875000e+02
5.034393310546875000e+02
5.051513671875000000e+02
5.066619873046875000e+02
5.083740234375000000e+02
5.099853515625000000e+02
5.115966796875000000e+02
5.132080078125000000e+02
5.149200439453125000e+02
5.162292480468750000e+02
5.178405761718750000e+02
5.193511962890625000e+02
5.210632324218750000e+02
5.226745605468750000e+02
5.243865966796875000e+02
5.258972167968750000e+02
5.276092529296875000e+02
5.291198730468750000e+02
5.308319091796875000e+02
5.324432373046875000e+02
5.341552734375000000e+02
5.356658935546875000e+02
5.373779296875000000e+02
5.388885498046875000e+02
5.406005859375000000e+02
5.421112060546875000e+02
5.437225341796875000e+02
5.453338623046875000e+02
5.470458984375000000e+02
5.485565185546875000e+02
5.502685546875000000e+02
5.518798828125000000e+02
5.535919189453125000e+02
5.551025390625000000e+02
5.568145751953125000e+02
5.584259033203125000e+02
5.601379394531250000e+02
5.616485595703125000e+02
5.633605957031250000e+02
5.648712158203125000e+02
5.665832519531250000e+02
5.680938720703125000e+02
5.697052001953125000e+02
5.712158203125000000e+02
5.730285644531250000e+02
5.745391845703125000e+02
5.762512207031250000e+02
5.777618408203125000e+02
5.794738769531250000e+02
5.810852050781250000e+02
5.827972412109375000e+02
5.843078613281250000e+02
5.860198974609375000e+02
5.875305175781250000e+02
5.892425537109375000e+02
5.908538818359375000e+02
5.925659179687500000e+02
5.939758300781250000e+02
5.956878662109375000e+02
5.972991943359375000e+02
5.990112304687500000e+02
6.004211425781250000e+02
6.021331787109375000e+02
6.037445068359375000e+02
6.054565429687500000e+02
6.070678710937500000e+02
6.087799072265625000e+02
6.102905273437500000e+02
6.120025634765625000e+02
6.135131835937500000e+02
6.152252197265625000e+02
6.168365478515625000e+02
6.185485839843750000e+02
6.196563720703125000e+02
6.212677001953125000e+02
6.227783203125000000e+02
6.245910644531250000e+02
6.261016845703125000e+02
6.278137207031250000e+02
6.293243408203125000e+02
6.310363769531250000e+02
6.326477050781250000e+02
6.343597412109375000e+02
6.358703613281250000e+02
6.375823974609375000e+02
6.391937255859375000e+02
6.409057617187500000e+02
6.424163818359375000e+02
6.441284179687500000e+02
6.456390380859375000e+02
6.473510742187500000e+02
6.487609863281250000e+02
6.504730224609375000e+02
6.520843505859375000e+02
6.537963867187500000e+02
6.553070068359375000e+02
6.570190429687500000e+02
6.586303710937500000e+02
6.603424072265625000e+02
6.618530273437500000e+02
6.635650634765625000e+02
6.650756835937500000e+02
6.668884277343750000e+02
6.683990478515625000e+02
6.701110839843750000e+02
6.716217041015625000e+02
6.733337402343750000e+02
6.748443603515625000e+02
6.767578125000000000e+02
6.778656005859375000e+02
6.795776367187500000e+02
6.811889648437500000e+02
6.829010009765625000e+02
6.845123291015625000e+02
6.862243652343750000e+02
6.877349853515625000e+02
6.894470214843750000e+02
6.910583496093750000e+02
6.927703857421875000e+02
6.942810058593750000e+02
6.959930419921875000e+02
6.975036621093750000e+02
6.992156982421875000e+02
7.007263183593750000e+02
7.024383544921875000e+02
7.039489746093750000e+02
7.056610107421875000e+02
7.072723388671875000e+02
7.089843750000000000e+02
7.104949951171875000e+02
7.122070312500000000e+02
7.137176513671875000e+02
7.155303955078125000e+02
7.170410156250000000e+02
7.187530517578125000e+02
7.202636718750000000e+02
7.220764160156250000e+02
7.231842041015625000e+02
7.248962402343750000e+02
7.264068603515625000e+02
7.281188964843750000e+02
7.297302246093750000e+02
7.314422607421875000e+02
7.329528808593750000e+02
7.346649169921875000e+02
7.361755371093750000e+02
7.379882812500000000e+02
7.394989013671875000e+02
7.412109375000000000e+02
7.427215576171875000e+02
7.444335937500000000e+02
7.459442138671875000e+02
7.477569580078125000e+02
7.491668701171875000e+02
7.508789062500000000e+02
7.523895263671875000e+02
7.541015625000000000e+02
7.556121826171875000e+02
7.574249267578125000e+02
7.589355468750000000e+02
7.606475830078125000e+02
7.621582031250000000e+02
7.639709472656250000e+02
7.654815673828125000e+02
7.671936035156250000e+02
7.687042236328125000e+02
7.704162597656250000e+02
7.719268798828125000e+02
7.737396240234375000e+02
7.751495361328125000e+02
7.768615722656250000e+02
7.783721923828125000e+02
7.800842285156250000e+02
7.815948486328125000e+02
7.834075927734375000e+02
7.849182128906250000e+02
7.866302490234375000e+02
7.881408691406250000e+02
7.899536132812500000e+02
7.913635253906250000e+02
7.931762695312500000e+02
7.946868896484375000e+02
7.963989257812500000e+02
7.980102539062500000e+02
7.996215820312500000e+02
8.010314941406250000e+02
8.028442382812500000e+02
8.043548583984375000e+02
8.060668945312500000e+02
8.075775146484375000e+02
8.093902587890625000e+02
8.109008789062500000e+02
8.126129150390625000e+02
8.141235351562500000e+02
8.158355712890625000e+02
8.174468994140625000e+02
8.191589355468750000e+02
8.206695556640625000e+02
8.223815917968750000e+02
8.238922119140625000e+02
8.256042480468750000e+02
8.255035400390625000e+02
8.268127441406250000e+02
8.283233642578125000e+02
8.300354003906250000e+02
8.315460205078125000e+02
8.333587646484375000e+02
8.348693847656250000e+02
8.365814208984375000e+02
8.380920410156250000e+02
8.399047851562500000e+02
8.414154052734375000e+02
8.431274414062500000e+02
8.446380615234375000e+02
8.463500976562500000e+02
8.478607177734375000e+02
8.496734619140625000e+02
8.510833740234375000e+02
8.527954101562500000e+02
8.543060302734375000e+02
8.560180664062500000e+02
8.576293945312500000e+02
8.593414306640625000e+02
8.607513427734375000e+02
8.625640869140625000e+02
8.640747070312500000e+02
8.657867431640625000e+02
8.672973632812500000e+02
8.691101074218750000e+02
8.706207275390625000e+02
8.723327636718750000e+02
8.737426757812500000e+02
8.755554199218750000e+02
8.769653320312500000e+02
8.786773681640625000e+02
8.801879882812500000e+02
8.820007324218750000e+02
8.835113525390625000e+02
8.853240966796875000e+02
8.867340087890625000e+02
8.885467529296875000e+02
8.900573730468750000e+02
8.917694091796875000e+02
8.932800292968750000e+02
8.950927734375000000e+02
8.966033935546875000e+02
8.983154296875000000e+02
8.999267578125000000e+02
9.016387939453125000e+02
9.032501220703125000e+02
9.046600341796875000e+02
9.060699462890625000e+02
9.078826904296875000e+02
9.093933105468750000e+02
9.112060546875000000e+02
9.127166748046875000e+02
9.144287109375000000e+02
9.159393310546875000e+02
9.177520751953125000e+02
9.192626953125000000e+02
9.209747314453125000e+02
9.224853515625000000e+02
9.242980957031250000e+02
9.257080078125000000e+02
9.275207519531250000e+02
9.287292480468750000e+02
9.304412841796875000e+02
9.319519042968750000e+02
9.336639404296875000e+02
9.351745605468750000e+02
9.369873046875000000e+02
9.383972167968750000e+02
9.402099609375000000e+02
9.417205810546875000e+02
9.434326171875000000e+02
9.450439453125000000e+02
9.467559814453125000e+02
9.483673095703125000e+02
9.499786376953125000e+02
9.514892578125000000e+02
9.532012939453125000e+02
9.547119140625000000e+02
9.564239501953125000e+02
9.579345703125000000e+02
9.596466064453125000e+02
9.611572265625000000e+02
9.629699707031250000e+02
9.644805908203125000e+02
9.661926269531250000e+02
9.677032470703125000e+02
9.695159912109375000e+02
9.710266113281250000e+02
9.727386474609375000e+02
9.742492675781250000e+02
9.759613037109375000e+02
9.774719238281250000e+02
9.791839599609375000e+02
9.805938720703125000e+02
9.824066162109375000e+02
9.838165283203125000e+02
9.856292724609375000e+02
9.871398925781250000e+02
9.888519287109375000e+02
9.903625488281250000e+02
9.921752929687500000e+02
9.937866210937500000e+02
9.953979492187500000e+02
9.969085693359375000e+02
9.986206054687500000e+02
1.000131225585937500e+03
1.001943969726562500e+03
1.003454589843750000e+03
1.005166625976562500e+03
1.006576538085937500e+03
1.008288574218750000e+03
1.009799194335937500e+03
1.011611938476562500e+03
1.013021850585937500e+03
1.014834594726562500e+03
1.016345214843750000e+03
1.018057250976562500e+03
1.019567871093750000e+03
1.021380615234375000e+03
1.022790527343750000e+03
1.024603271484375000e+03
1.026113891601562500e+03
1.027825927734375000e+03
1.029336547851562500e+03
1.031149291992187500e+03
1.032156372070312500e+03
1.033868408203125000e+03
1.035379028320312500e+03
1.037091064453125000e+03
1.038601684570312500e+03
1.040414428710937500e+03
1.041824340820312500e+03
1.043637084960937500e+03
1.045147705078125000e+03
1.046960449218750000e+03
1.048471069335937500e+03
1.050183105468750000e+03
1.051693725585937500e+03
1.053405761718750000e+03
1.054916381835937500e+03
1.056729125976562500e+03
1.058139038085937500e+03
1.059851074218750000e+03
1.061361694335937500e+03
1.063073730468750000e+03
1.064584350585937500e+03
1.066397094726562500e+03
1.067807006835937500e+03
1.069619750976562500e+03
1.071130371093750000e+03
1.072842407226562500e+03
1.074353027343750000e+03
1.076165771484375000e+03
1.077676391601562500e+03
1.079489135742187500e+03
1.080899047851562500e+03
1.082711791992187500e+03
1.084121704101562500e+03
1.085733032226562500e+03
1.087243652343750000e+03
1.089056396484375000e+03
1.090567016601562500e+03
1.092279052734375000e+03
1.093789672851562500e+03
1.095501708984375000e+03
1.097012329101562500e+03
1.098825073242187500e+03
1.100335693359375000e+03
1.102047729492187500e+03
1.103659057617187500e+03
1.105371093750000000e+03
1.106881713867187500e+03
1.108593750000000000e+03
1.110003662109375000e+03
1.111816406250000000e+03
1.113226318359375000e+03
1.115039062500000000e+03
1.116549682617187500e+03
1.118362426757812500e+03
1.119772338867187500e+03
1.121585083007812500e+03
1.123196411132812500e+03
1.124908447265625000e+03
1.126519775390625000e+03
1.128131103515625000e+03
1.129943847656250000e+03
1.131152343750000000e+03
1.132662963867187500e+03
1.134475708007812500e+03
1.135784912109375000e+03
1.137396240234375000e+03
1.138906860351562500e+03
1.140719604492187500e+03
1.142129516601562500e+03
1.143942260742187500e+03
1.145452880859375000e+03
1.147265625000000000e+03
1.148675537109375000e+03
1.150488281250000000e+03
1.151998901367187500e+03
1.153710937500000000e+03
1.155221557617187500e+03
1.156933593750000000e+03
1.158444213867187500e+03
1.160256958007812500e+03
1.161666870117187500e+03
1.163378906250000000e+03
1.164889526367187500e+03
1.166702270507812500e+03
1.168112182617187500e+03
1.169924926757812500e+03
1.171334838867187500e+03
1.173147583007812500e+03
1.174658203125000000e+03
1.176470947265625000e+03
1.177880859375000000e+03
1.179693603515625000e+03
1.181204223632812500e+03
1.182916259765625000e+03
1.184426879882812500e+03
1.186239624023437500e+03
1.187649536132812500e+03
1.189361572265625000e+03
1.190872192382812500e+03
1.192584228515625000e+03
1.194094848632812500e+03
1.195907592773437500e+03
1.197317504882812500e+03
1.199130249023437500e+03
1.200540161132812500e+03
1.202352905273437500e+03
1.203863525390625000e+03
1.205676269531250000e+03
1.207086181640625000e+03
1.208898925781250000e+03
1.210409545898437500e+03
1.212121582031250000e+03
1.213531494140625000e+03
1.215344238281250000e+03
1.216754150390625000e+03
1.218566894531250000e+03
1.219976806640625000e+03
1.221789550781250000e+03
1.223300170898437500e+03
1.225112915039062500e+03
1.226522827148437500e+03
1.228335571289062500e+03
1.229846191406250000e+03
1.231558227539062500e+03
1.233068847656250000e+03
1.234881591796875000e+03
1.236392211914062500e+03
1.238104248046875000e+03
1.238003540039062500e+03
1.239413452148437500e+03
1.240924072265625000e+03
1.242636108398437500e+03
1.244146728515625000e+03
1.245858764648437500e+03
1.247369384765625000e+03
1.249182128906250000e+03
1.250592041015625000e+03
1.252404785156250000e+03
1.253915405273437500e+03
1.255627441406250000e+03
1.257138061523437500e+03
1.258950805664062500e+03
1.260461425781250000e+03
1.262173461914062500e+03
1.263583374023437500e+03
1.265396118164062500e+03
1.266806030273437500e+03
1.268518066406250000e+03
1.270028686523437500e+03
1.271841430664062500e+03
1.273352050781250000e+03
1.275064086914062500e+03
1.276574707031250000e+03
1.278387451171875000e+03
1.279898071289062500e+03
1.281610107421875000e+03
1.283120727539062500e+03
1.284933471679687500e+03
1.286444091796875000e+03
1.288156127929687500e+03
1.289566040039062500e+03
1.291278076171875000e+03
1.292788696289062500e+03
1.294500732421875000e+03
1.296011352539062500e+03
1.297824096679687500e+03
1.299234008789062500e+03
1.301046752929687500e+03
1.302557373046875000e+03
1.304370117187500000e+03
1.305880737304687500e+03
1.307592773437500000e+03
1.309103393554687500e+03
1.310714721679687500e+03
1.312124633789062500e+03
1.314038085937500000e+03
1.315447998046875000e+03
1.317160034179687500e+03
1.318771362304687500e+03
1.320483398437500000e+03
1.321994018554687500e+03
1.323706054687500000e+03
1.325317382812500000e+03
1.327029418945312500e+03
1.328439331054687500e+03
1.330252075195312500e+03
1.331762695312500000e+03
1.333575439453125000e+03
1.334985351562500000e+03
1.336798095703125000e+03
1.338308715820312500e+03
1.340020751953125000e+03
1.341229248046875000e+03
1.342941284179687500e+03
1.344451904296875000e+03
1.346264648437500000e+03
1.347674560546875000e+03
1.349588012695312500e+03
1.350997924804687500e+03
1.352911376953125000e+03
1.354220581054687500e+03
1.356134033203125000e+03
1.357342529296875000e+03
1.359155273437500000e+03
1.360665893554687500e+03
1.362478637695312500e+03
1.363989257812500000e+03
1.365802001953125000e+03
1.367111206054687500e+03
1.368923950195312500e+03
1.370333862304687500e+03
1.372146606445312500e+03
1.373657226562500000e+03
1.375469970703125000e+03
1.376879882812500000e+03
1.378692626953125000e+03
1.380203247070312500e+03
1.382015991210937500e+03
1.383425903320312500e+03
1.385238647460937500e+03
1.386749267578125000e+03
1.388461303710937500e+03
1.389971923828125000e+03
1.391683959960937500e+03
1.393093872070312500e+03
1.394906616210937500e+03
1.396417236328125000e+03
1.398129272460937500e+03
1.399639892578125000e+03
1.401351928710937500e+03
1.402761840820312500e+03
1.404675292968750000e+03
1.406185913085937500e+03
1.407897949218750000e+03
1.409408569335937500e+03
1.411221313476562500e+03
1.412631225585937500e+03
1.414443969726562500e+03
1.415954589843750000e+03
1.417767333984375000e+03
1.419076538085937500e+03
1.420889282226562500e+03
1.422399902343750000e+03
1.424011230468750000e+03
1.425521850585937500e+03
1.427334594726562500e+03
1.428845214843750000e+03
1.430657958984375000e+03
1.432168579101562500e+03
1.433981323242187500e+03
1.435391235351562500e+03
1.437203979492187500e+03
1.438613891601562500e+03
1.440426635742187500e+03
1.441937255859375000e+03
1.443649291992187500e+03
1.444757080078125000e+03
1.446469116210937500e+03
1.447979736328125000e+03
1.449792480468750000e+03
1.451202392578125000e+03
1.453015136718750000e+03
1.454425048828125000e+03
1.456237792968750000e+03
1.457748413085937500e+03
1.459561157226562500e+03
1.460971069335937500e+03
1.462783813476562500e+03
1.464193725585937500e+03
1.466006469726562500e+03
1.467517089843750000e+03
1.469329833984375000e+03
1.470639038085937500e+03
1.472451782226562500e+03
1.473962402343750000e+03
1.475775146484375000e+03
1.477185058593750000e+03
1.478997802734375000e+03
1.480307006835937500e+03
1.482119750976562500e+03
1.483630371093750000e+03
1.485443115234375000e+03
1.486953735351562500e+03
1.488766479492187500e+03
1.490176391601562500e+03
1.491989135742187500e+03
1.493399047851562500e+03
1.495211791992187500e+03
1.496520996093750000e+03
1.498333740234375000e+03
1.499844360351562500e+03
1.501657104492187500e+03
1.503067016601562500e+03
1.504879760742187500e+03
1.506289672851562500e+03
1.508102416992187500e+03
1.509613037109375000e+03
1.511425781250000000e+03
1.512835693359375000e+03
1.514648437500000000e+03
1.516159057617187500e+03
1.517871093750000000e+03
1.519381713867187500e+03
1.521194458007812500e+03
1.522503662109375000e+03
1.524316406250000000e+03
1.525726318359375000e+03
1.527539062500000000e+03
1.529049682617187500e+03
1.530862426757812500e+03
1.532272338867187500e+03
1.534085083007812500e+03
1.535595703125000000e+03
1.537307739257812500e+03
1.538818359375000000e+03
1.540631103515625000e+03
1.542141723632812500e+03
1.543954467773437500e+03
1.545364379882812500e+03
1.547177124023437500e+03
1.548284912109375000e+03
1.550097656250000000e+03
1.551608276367187500e+03
1.553320312500000000e+03
1.554730224609375000e+03
1.556542968750000000e+03
1.558053588867187500e+03
1.559866333007812500e+03
1.561276245117187500e+03
1.563088989257812500e+03
1.564599609375000000e+03
1.566412353515625000e+03
1.567822265625000000e+03
1.569635009765625000e+03
1.571044921875000000e+03
1.572857666015625000e+03
1.574267578125000000e+03
1.576080322265625000e+03
1.577590942382812500e+03
1.579202270507812500e+03
1.580813598632812500e+03
1.582424926757812500e+03
1.583834838867187500e+03
1.585647583007812500e+03
1.587158203125000000e+03
1.589071655273437500e+03
1.590481567382812500e+03
1.592294311523437500e+03
1.593704223632812500e+03
1.595617675781250000e+03
1.597027587890625000e+03
1.598840332031250000e+03
1.600149536132812500e+03
1.601962280273437500e+03
1.603472900390625000e+03
1.605285644531250000e+03
1.606695556640625000e+03
1.608508300781250000e+03
1.609918212890625000e+03
1.611730957031250000e+03
1.613241577148437500e+03
1.615054321289062500e+03
1.616464233398437500e+03
1.618276977539062500e+03
1.619686889648437500e+03
1.621499633789062500e+03
1.623010253906250000e+03
1.624822998046875000e+03
1.626132202148437500e+03
1.627944946289062500e+03
1.629354858398437500e+03
1.631167602539062500e+03
1.632678222656250000e+03
1.634490966796875000e+03
1.635800170898437500e+03
1.637713623046875000e+03
1.639123535156250000e+03
1.641036987304687500e+03
1.642446899414062500e+03
1.644259643554687500e+03
1.645669555664062500e+03
1.647482299804687500e+03
1.648992919921875000e+03
1.650805664062500000e+03
1.648892211914062500e+03
1.649899291992187500e+03
1.651309204101562500e+03
1.653222656250000000e+03
1.654632568359375000e+03
1.656445312500000000e+03
1.657855224609375000e+03
1.659667968750000000e+03
1.661077880859375000e+03
1.662890625000000000e+03
1.664401245117187500e+03
1.666213989257812500e+03
1.667623901367187500e+03
1.669436645507812500e+03
1.670846557617187500e+03
1.672659301757812500e+03
1.673968505859375000e+03
1.675881958007812500e+03
1.677291870117187500e+03
1.679104614257812500e+03
1.680514526367187500e+03
1.682327270507812500e+03
1.683737182617187500e+03
1.685549926757812500e+03
1.686959838867187500e+03
1.688873291015625000e+03
1.690283203125000000e+03
1.692095947265625000e+03
1.693606567382812500e+03
1.695419311523437500e+03
1.696829223632812500e+03
1.698641967773437500e+03
1.699951171875000000e+03
1.701763916015625000e+03
1.703173828125000000e+03
1.704986572265625000e+03
1.706396484375000000e+03
1.708309936523437500e+03
1.709719848632812500e+03
1.711532592773437500e+03
1.712942504882812500e+03
1.714855957031250000e+03
1.716265869140625000e+03
1.717977905273437500e+03
1.719488525390625000e+03
1.721099853515625000e+03
1.722610473632812500e+03
1.724523925781250000e+03
1.725833129882812500e+03
1.727645874023437500e+03
1.729055786132812500e+03
1.730969238281250000e+03
1.732379150390625000e+03
1.734191894531250000e+03
1.735601806640625000e+03
1.737414550781250000e+03
1.738824462890625000e+03
1.740737915039062500e+03
1.742147827148437500e+03
1.743960571289062500e+03
1.745370483398437500e+03
1.747183227539062500e+03
1.748593139648437500e+03
1.750405883789062500e+03
1.751614379882812500e+03
1.753326416015625000e+03
1.754837036132812500e+03
1.756649780273437500e+03
1.758059692382812500e+03
1.759872436523437500e+03
1.761282348632812500e+03
1.762994384765625000e+03
1.764505004882812500e+03
1.766418457031250000e+03
1.767828369140625000e+03
1.769641113281250000e+03
1.771051025390625000e+03
1.772863769531250000e+03
1.774273681640625000e+03
1.776187133789062500e+03
1.777496337890625000e+03
1.779309082031250000e+03
1.780718994140625000e+03
1.782531738281250000e+03
1.783941650390625000e+03
1.785855102539062500e+03
1.787265014648437500e+03
1.789077758789062500e+03
1.790487670898437500e+03
1.792300415039062500e+03
1.793710327148437500e+03
1.795623779296875000e+03
1.797033691406250000e+03
1.798846435546875000e+03
1.800256347656250000e+03
1.802069091796875000e+03
1.803479003906250000e+03
1.805191040039062500e+03
1.806600952148437500e+03
1.808413696289062500e+03
1.809924316406250000e+03
1.811737060546875000e+03
1.813146972656250000e+03
1.814959716796875000e+03
1.816369628906250000e+03
1.818283081054687500e+03
1.819592285156250000e+03
1.821405029296875000e+03
1.822915649414062500e+03
1.824728393554687500e+03
1.826138305664062500e+03
1.827951049804687500e+03
1.829260253906250000e+03
1.831173706054687500e+03
1.832583618164062500e+03
1.834396362304687500e+03
1.835806274414062500e+03
1.837719726562500000e+03
1.839028930664062500e+03
1.840841674804687500e+03
1.842352294921875000e+03
1.844165039062500000e+03
1.845574951171875000e+03
1.847387695312500000e+03
1.848797607421875000e+03
1.850711059570312500e+03
1.852120971679687500e+03
1.853933715820312500e+03
1.854940795898437500e+03
1.856753540039062500e+03
1.858062744140625000e+03
1.859976196289062500e+03
1.861386108398437500e+03
1.863198852539062500e+03
1.864608764648437500e+03
1.866421508789062500e+03
1.867831420898437500e+03
1.869744873046875000e+03
1.871154785156250000e+03
1.872967529296875000e+03
1.874478149414062500e+03
1.876089477539062500e+03
1.877499389648437500e+03
1.879412841796875000e+03
1.880722045898437500e+03
1.882534790039062500e+03
1.884045410156250000e+03
1.885858154296875000e+03
1.887268066406250000e+03
1.889080810546875000e+03
1.890490722656250000e+03
1.892404174804687500e+03
1.893814086914062500e+03
1.895626831054687500e+03
1.897137451171875000e+03
1.898849487304687500e+03
1.900158691406250000e+03
1.902172851562500000e+03
1.903582763671875000e+03
1.905395507812500000e+03
1.906704711914062500e+03
1.908517456054687500e+03
1.909927368164062500e+03
1.911840820312500000e+03
1.913150024414062500e+03
1.915063476562500000e+03
1.916473388671875000e+03
1.918286132812500000e+03
1.919696044921875000e+03
1.921508789062500000e+03
1.922918701171875000e+03
1.924832153320312500e+03
1.926242065429687500e+03
1.928054809570312500e+03
1.929464721679687500e+03
1.931378173828125000e+03
1.932586669921875000e+03
1.934500122070312500e+03
1.935910034179687500e+03
1.937722778320312500e+03
1.939233398437500000e+03
1.941046142578125000e+03
1.942556762695312500e+03
1.944067382812500000e+03
1.945578002929687500e+03
1.947290039062500000e+03
1.948800659179687500e+03
1.950714111328125000e+03
1.952124023437500000e+03
1.953936767578125000e+03
1.955447387695312500e+03
1.957260131835937500e+03
1.958367919921875000e+03
1.960180664062500000e+03
1.961590576171875000e+03
1.963403320312500000e+03
1.964813232421875000e+03
1.966625976562500000e+03
1.968035888671875000e+03
1.969949340820312500e+03
1.971359252929687500e+03
1.973171997070312500e+03
1.974481201171875000e+03
1.976394653320312500e+03
1.977804565429687500e+03
1.979617309570312500e+03
1.981027221679687500e+03
1.982940673828125000e+03
1.984249877929687500e+03
1.986062622070312500e+03
1.987573242187500000e+03
1.989184570312500000e+03
1.990594482421875000e+03
1.992507934570312500e+03
1.993917846679687500e+03
1.995831298828125000e+03
1.997241210937500000e+03
1.999053955078125000e+03
2.000463867187500000e+03
2.002276611328125000e+03
2.003787231445312500e+03
2.005599975585937500e+03
2.007009887695312500e+03
2.008822631835937500e+03
2.010131835937500000e+03
2.011944580078125000e+03
2.013354492187500000e+03
2.015267944335937500e+03
2.016577148437500000e+03
2.018490600585937500e+03
2.019900512695312500e+03
2.021713256835937500e+03
2.023123168945312500e+03
2.025036621093750000e+03
2.026345825195312500e+03
2.028259277343750000e+03
2.029769897460937500e+03
2.031481933593750000e+03
2.032891845703125000e+03
2.034704589843750000e+03
2.036013793945312500e+03
2.037927246093750000e+03
2.039337158203125000e+03
2.041149902343750000e+03
2.042559814453125000e+03
2.044473266601562500e+03
2.045782470703125000e+03
2.047695922851562500e+03
2.049005126953125000e+03
2.050817871093750000e+03
2.052328491210937500e+03
2.054241943359375000e+03
2.055551147460937500e+03
2.057464599609375000e+03
2.058874511718750000e+03
2.060687255859375000e+03
2.060586547851562500e+03
2.061996459960937500e+03
2.063406372070312500e+03
2.065219116210937500e+03
2.066629028320312500e+03
2.068542480468750000e+03
2.069851684570312500e+03
2.071765136718750000e+03
2.073175048828125000e+03
2.074987792968750000e+03
2.076397705078125000e+03
2.078311157226562500e+03
2.079620361328125000e+03
2.081533813476562500e+03
2.082843017578125000e+03
2.084756469726562500e+03
2.086065673828125000e+03
2.087878417968750000e+03
2.089288330078125000e+03
2.091201782226562500e+03
2.092510986328125000e+03
2.094424438476562500e+03
2.095834350585937500e+03
2.097747802734375000e+03
2.099157714843750000e+03
2.101171875000000000e+03
2.102178955078125000e+03
2.104092407226562500e+03
2.105502319335937500e+03
2.107415771484375000e+03
2.108825683593750000e+03
2.110739135742187500e+03
2.111947631835937500e+03
2.113861083984375000e+03
2.115170288085937500e+03
2.117083740234375000e+03
2.118392944335937500e+03
2.120306396484375000e+03
2.121716308593750000e+03
2.123629760742187500e+03
2.124938964843750000e+03
2.126852416992187500e+03
2.128262329101562500e+03
2.130075073242187500e+03
2.131484985351562500e+03
2.133398437500000000e+03
2.134707641601562500e+03
2.136621093750000000e+03
2.137930297851562500e+03
2.139743041992187500e+03
2.141152954101562500e+03
2.142965698242187500e+03
2.144375610351562500e+03
2.146289062500000000e+03
2.147598266601562500e+03
2.149511718750000000e+03
2.150921630859375000e+03
2.152734375000000000e+03
2.154144287109375000e+03
2.156057739257812500e+03
2.157467651367187500e+03
2.159381103515625000e+03
2.160690307617187500e+03
2.162603759765625000e+03
2.163711547851562500e+03
2.165524291992187500e+03
2.166833496093750000e+03
2.168948364257812500e+03
2.169754028320312500e+03
2.171868896484375000e+03
2.173077392578125000e+03
2.174990844726562500e+03
2.176400756835937500e+03
2.178314208984375000e+03
2.179724121093750000e+03
2.181637573242187500e+03
2.182946777343750000e+03
2.184860229492187500e+03
2.186270141601562500e+03
2.188183593750000000e+03
2.189392089843750000e+03
2.191305541992187500e+03
2.192614746093750000e+03
2.194528198242187500e+03
2.195938110351562500e+03
2.197750854492187500e+03
2.199160766601562500e+03
2.201074218750000000e+03
2.202484130859375000e+03
2.204296875000000000e+03
2.205706787109375000e+03
2.207519531250000000e+03
2.209030151367187500e+03
2.210842895507812500e+03
2.212252807617187500e+03
2.214266967773437500e+03
2.215274047851562500e+03
2.217187500000000000e+03
2.218597412109375000e+03
2.220510864257812500e+03
2.221820068359375000e+03
2.223733520507812500e+03
2.225143432617187500e+03
2.227056884765625000e+03
2.228366088867187500e+03
2.230279541015625000e+03
2.231588745117187500e+03
2.233502197265625000e+03
2.234912109375000000e+03
2.236825561523437500e+03
2.238134765625000000e+03
2.240048217773437500e+03
2.241357421875000000e+03
2.243170166015625000e+03
2.244580078125000000e+03
2.246493530273437500e+03
2.247903442382812500e+03
2.249716186523437500e+03
2.251025390625000000e+03
2.252938842773437500e+03
2.254348754882812500e+03
2.256262207031250000e+03
2.257672119140625000e+03
2.259585571289062500e+03
2.260794067382812500e+03
2.262707519531250000e+03
2.264117431640625000e+03
2.266030883789062500e+03
2.267037963867187500e+03
2.268850708007812500e+03
2.270159912109375000e+03
2.272073364257812500e+03
2.273483276367187500e+03
2.275296020507812500e+03
2.276705932617187500e+03
2.278518676757812500e+03
2.279928588867187500e+03
2.281842041015625000e+03
2.283151245117187500e+03
2.285064697265625000e+03
2.286373901367187500e+03
2.288287353515625000e+03
2.289697265625000000e+03
2.291610717773437500e+03
2.292819213867187500e+03
2.294732666015625000e+03
2.296041870117187500e+03
2.297955322265625000e+03
2.299365234375000000e+03
2.301177978515625000e+03
2.302587890625000000e+03
2.304501342773437500e+03
2.305709838867187500e+03
2.307623291015625000e+03
2.309033203125000000e+03
2.310946655273437500e+03
2.312255859375000000e+03
2.314169311523437500e+03
2.315579223632812500e+03
2.317391967773437500e+03
2.318701171875000000e+03
2.320614624023437500e+03
2.321923828125000000e+03
2.323837280273437500e+03
2.325247192382812500e+03
2.327059936523437500e+03
2.328268432617187500e+03
2.330282592773437500e+03
2.331692504882812500e+03
2.333505249023437500e+03
2.334915161132812500e+03
2.336828613281250000e+03
2.338137817382812500e+03
2.340051269531250000e+03
2.341461181640625000e+03
2.343374633789062500e+03
2.344583129882812500e+03
2.346496582031250000e+03
2.347805786132812500e+03
2.349819946289062500e+03
2.351028442382812500e+03
2.352941894531250000e+03
2.354351806640625000e+03
2.356265258789062500e+03
2.357574462890625000e+03
2.359487915039062500e+03
2.360897827148437500e+03
2.362811279296875000e+03
2.364120483398437500e+03
2.366033935546875000e+03
2.367443847656250000e+03
2.369357299804687500e+03
2.370364379882812500e+03
2.372177124023437500e+03
2.373587036132812500e+03
2.375500488281250000e+03
2.376910400390625000e+03
2.378723144531250000e+03
2.380133056640625000e+03
2.382046508789062500e+03
2.383355712890625000e+03
2.385269165039062500e+03
2.386679077148437500e+03
2.388491821289062500e+03
2.389901733398437500e+03
2.391815185546875000e+03
2.393325805664062500e+03
2.395037841796875000e+03
2.395742797851562500e+03
2.398059082031250000e+03
2.399267578125000000e+03
2.401281738281250000e+03
2.402691650390625000e+03
2.404605102539062500e+03
2.405914306640625000e+03
2.407827758789062500e+03
2.409237670898437500e+03
2.411151123046875000e+03
2.412561035156250000e+03
2.414373779296875000e+03
2.415783691406250000e+03
2.417697143554687500e+03
2.419006347656250000e+03
2.421020507812500000e+03
2.422229003906250000e+03
2.424142456054687500e+03
2.425451660156250000e+03
2.427365112304687500e+03
2.428674316406250000e+03
2.430587768554687500e+03
2.431896972656250000e+03
2.433911132812500000e+03
2.435220336914062500e+03
2.437133789062500000e+03
2.438543701171875000e+03
2.440457153320312500e+03
2.441665649414062500e+03
2.443579101562500000e+03
2.444888305664062500e+03
2.446902465820312500e+03
2.448110961914062500e+03
2.450024414062500000e+03
2.451333618164062500e+03
2.453247070312500000e+03
2.454656982421875000e+03
2.456570434570312500e+03
2.457879638671875000e+03
2.459793090820312500e+03
2.461102294921875000e+03
2.463015747070312500e+03
2.464425659179687500e+03
2.466339111328125000e+03
2.467648315429687500e+03
2.469561767578125000e+03
2.470971679687500000e+03
2.472885131835937500e+03
2.472583007812500000e+03
2.474093627929687500e+03
2.475402832031250000e+03
2.477316284179687500e+03
2.478625488281250000e+03
2.480538940429687500e+03
2.481948852539062500e+03
2.483761596679687500e+03
2.485171508789062500e+03
2.487084960937500000e+03
2.488394165039062500e+03
2.490307617187500000e+03
2.491616821289062500e+03
2.493530273437500000e+03
2.494940185546875000e+03
2.496853637695312500e+03
2.498062133789062500e+03
2.500076293945312500e+03
2.501184082031250000e+03
2.503198242187500000e+03
2.504507446289062500e+03
2.506420898437500000e+03
2.507830810546875000e+03
2.509744262695312500e+03
2.511053466796875000e+03
2.512966918945312500e+03
2.514276123046875000e+03
2.516189575195312500e+03
2.517498779296875000e+03
2.519512939453125000e+03
2.520822143554687500e+03
2.522735595703125000e+03
2.523944091796875000e+03
2.525857543945312500e+03
2.527166748046875000e+03
2.529180908203125000e+03
2.530490112304687500e+03
2.532403564453125000e+03
2.533712768554687500e+03
2.535626220703125000e+03
2.537036132812500000e+03
2.538848876953125000e+03
2.540258789062500000e+03
2.542172241210937500e+03
2.543481445312500000e+03
2.545394897460937500e+03
2.546704101562500000e+03
2.548718261718750000e+03
2.549926757812500000e+03
2.551840209960937500e+03
2.553149414062500000e+03
2.555062866210937500e+03
2.556372070312500000e+03
2.558386230468750000e+03
2.559695434570312500e+03
2.561608886718750000e+03
2.562918090820312500e+03
2.564831542968750000e+03
2.566241455078125000e+03
2.568154907226562500e+03
2.569464111328125000e+03
2.571377563476562500e+03
2.572686767578125000e+03
2.574700927734375000e+03
2.575808715820312500e+03
2.577520751953125000e+03
2.578829956054687500e+03
2.580844116210937500e+03
2.582153320312500000e+03
2.583966064453125000e+03
2.585375976562500000e+03
2.587289428710937500e+03
2.588598632812500000e+03
2.590512084960937500e+03
2.591921997070312500e+03
2.593734741210937500e+03
2.595043945312500000e+03
2.596957397460937500e+03
2.598468017578125000e+03
2.600381469726562500e+03
2.601489257812500000e+03
2.603503417968750000e+03
2.604711914062500000e+03
2.606726074218750000e+03
2.608135986328125000e+03
2.609948730468750000e+03
2.611257934570312500e+03
2.613171386718750000e+03
2.614581298828125000e+03
2.616595458984375000e+03
2.617904663085937500e+03
2.620019531250000000e+03
2.621026611328125000e+03
2.622738647460937500e+03
2.624148559570312500e+03
2.626162719726562500e+03
2.627371215820312500e+03
2.629284667968750000e+03
2.630593872070312500e+03
2.632608032226562500e+03
2.633917236328125000e+03
2.635830688476562500e+03
2.637139892578125000e+03
2.639053344726562500e+03
2.640463256835937500e+03
2.642276000976562500e+03
2.643685913085937500e+03
2.645599365234375000e+03
2.647009277343750000e+03
2.648922729492187500e+03
2.650231933593750000e+03
2.652145385742187500e+03
2.653353881835937500e+03
2.655267333984375000e+03
2.656677246093750000e+03
2.658489990234375000e+03
2.659899902343750000e+03
2.661813354492187500e+03
2.663122558593750000e+03
2.665136718750000000e+03
2.666445922851562500e+03
2.668359375000000000e+03
2.669668579101562500e+03
2.671582031250000000e+03
2.672891235351562500e+03
2.674804687500000000e+03
2.676214599609375000e+03
2.678128051757812500e+03
2.679034423828125000e+03
2.680947875976562500e+03
2.682257080078125000e+03
2.684170532226562500e+03
2.685580444335937500e+03
2.687493896484375000e+03
2.688803100585937500e+03
2.690716552734375000e+03
2.692025756835937500e+03
2.693939208984375000e+03
2.695248413085937500e+03
2.697262573242187500e+03
2.698571777343750000e+03
2.700485229492187500e+03
2.701794433593750000e+03
2.703808593750000000e+03
2.704916381835937500e+03
2.706829833984375000e+03
2.708239746093750000e+03
2.710153198242187500e+03
2.711462402343750000e+03
2.713375854492187500e+03
2.714685058593750000e+03
2.716598510742187500e+03
2.717907714843750000e+03
2.719921875000000000e+03
2.721231079101562500e+03
2.723144531250000000e+03
2.724554443359375000e+03
2.726467895507812500e+03
2.727777099609375000e+03
2.729690551757812500e+03
2.730999755859375000e+03
2.732913208007812500e+03
2.734121704101562500e+03
2.735934448242187500e+03
2.737344360351562500e+03
2.739257812500000000e+03
2.740667724609375000e+03
2.742581176757812500e+03
2.743890380859375000e+03
2.745803833007812500e+03
2.747113037109375000e+03
2.749026489257812500e+03
2.750436401367187500e+03
2.752349853515625000e+03
2.753659057617187500e+03
2.755673217773437500e+03
2.756781005859375000e+03
2.758694458007812500e+03
2.760003662109375000e+03
2.762017822265625000e+03
2.763327026367187500e+03
2.765240478515625000e+03
2.766549682617187500e+03
2.768563842773437500e+03
2.769873046875000000e+03
2.771887207031250000e+03
2.773196411132812500e+03
2.775009155273437500e+03
2.776318359375000000e+03
2.778332519531250000e+03
2.779641723632812500e+03
2.781555175781250000e+03
2.782662963867187500e+03
2.784475708007812500e+03
2.785784912109375000e+03
2.787799072265625000e+03
2.789108276367187500e+03
2.791021728515625000e+03
2.792330932617187500e+03
2.794244384765625000e+03
2.795553588867187500e+03
2.797467041015625000e+03
2.798876953125000000e+03
2.800790405273437500e+03
2.802099609375000000e+03
2.804013061523437500e+03
2.805322265625000000e+03
2.807235717773437500e+03
2.808544921875000000e+03
2.810458374023437500e+03
2.811767578125000000e+03
2.813681030273437500e+03
2.814990234375000000e+03
2.816903686523437500e+03
2.818212890625000000e+03
2.820126342773437500e+03
2.821435546875000000e+03
2.823449707031250000e+03
2.824758911132812500e+03
2.826672363281250000e+03
2.827981567382812500e+03
2.829995727539062500e+03
2.831304931640625000e+03
2.833319091796875000e+03
2.834527587890625000e+03
2.836441040039062500e+03
2.837750244140625000e+03
2.839663696289062500e+03
2.841073608398437500e+03
2.842987060546875000e+03
2.844296264648437500e+03
2.846411132812500000e+03
2.847418212890625000e+03
2.849230957031250000e+03
2.850640869140625000e+03
2.852655029296875000e+03
2.854064941406250000e+03
2.855978393554687500e+03
2.857287597656250000e+03
2.859201049804687500e+03
2.860510253906250000e+03
2.862423706054687500e+03
2.863732910156250000e+03
2.865646362304687500e+03
2.866955566406250000e+03
2.868969726562500000e+03
2.870178222656250000e+03
2.872192382812500000e+03
2.873501586914062500e+03
2.875515747070312500e+03
2.876724243164062500e+03
2.878738403320312500e+03
2.880047607421875000e+03
2.881961059570312500e+03
2.883270263671875000e+03
2.885284423828125000e+03
2.884982299804687500e+03
2.886593627929687500e+03
2.887902832031250000e+03
2.889816284179687500e+03
2.891125488281250000e+03
2.893038940429687500e+03
2.894348144531250000e+03
2.896362304687500000e+03
2.897570800781250000e+03
2.899584960937500000e+03
2.900894165039062500e+03
2.902807617187500000e+03
2.904116821289062500e+03
2.906130981445312500e+03
2.907339477539062500e+03
2.909353637695312500e+03
2.910562133789062500e+03
2.912475585937500000e+03
2.913784790039062500e+03
2.915698242187500000e+03
2.917007446289062500e+03
2.919021606445312500e+03
2.920330810546875000e+03
2.922244262695312500e+03
2.923553466796875000e+03
2.925466918945312500e+03
2.926776123046875000e+03
2.928790283203125000e+03
2.930099487304687500e+03
2.932012939453125000e+03
2.933322143554687500e+03
2.935336303710937500e+03
2.936544799804687500e+03
2.938458251953125000e+03
2.939666748046875000e+03
2.941680908203125000e+03
2.942990112304687500e+03
2.944903564453125000e+03
2.946212768554687500e+03
2.948226928710937500e+03
2.949536132812500000e+03
2.951449584960937500e+03
2.952758789062500000e+03
2.954772949218750000e+03
2.955981445312500000e+03
2.957995605468750000e+03
2.959304809570312500e+03
2.961117553710937500e+03
2.962326049804687500e+03
2.964340209960937500e+03
2.965649414062500000e+03
2.967663574218750000e+03
2.968872070312500000e+03
2.970886230468750000e+03
2.972195434570312500e+03
2.974108886718750000e+03
2.975418090820312500e+03
2.977331542968750000e+03
2.978640747070312500e+03
2.980654907226562500e+03
2.981964111328125000e+03
2.983877563476562500e+03
2.985186767578125000e+03
2.987200927734375000e+03
2.988208007812500000e+03
2.990121459960937500e+03
2.991430664062500000e+03
2.993344116210937500e+03
2.994653320312500000e+03
2.996667480468750000e+03
2.997875976562500000e+03
2.999789428710937500e+03
3.001098632812500000e+03
3.003112792968750000e+03
3.004421997070312500e+03
3.006436157226562500e+03
3.007745361328125000e+03
3.009658813476562500e+03
3.010968017578125000e+03
3.012982177734375000e+03
3.014190673828125000e+03
3.016104125976562500e+03
3.017413330078125000e+03
3.019326782226562500e+03
3.020635986328125000e+03
3.022549438476562500e+03
3.023858642578125000e+03
3.025872802734375000e+03
3.027182006835937500e+03
3.029095458984375000e+03
3.030404663085937500e+03
3.032418823242187500e+03
3.033627319335937500e+03
3.035641479492187500e+03
3.036950683593750000e+03
3.038864135742187500e+03
3.040173339843750000e+03
3.041986083984375000e+03
3.043295288085937500e+03
3.045309448242187500e+03
3.046618652343750000e+03
3.048532104492187500e+03
3.049841308593750000e+03
3.051754760742187500e+03
3.053063964843750000e+03
3.055078125000000000e+03
3.056387329101562500e+03
3.058300781250000000e+03
3.059609985351562500e+03
3.061624145507812500e+03
3.062832641601562500e+03
3.064846801757812500e+03
3.066055297851562500e+03
3.068069458007812500e+03
3.069378662109375000e+03
3.071292114257812500e+03
3.072802734375000000e+03
3.074313354492187500e+03
3.075622558593750000e+03
3.077737426757812500e+03
3.079046630859375000e+03
3.081060791015625000e+03
3.082369995117187500e+03
3.084384155273437500e+03
3.085592651367187500e+03
3.087606811523437500e+03
3.088916015625000000e+03
3.090930175781250000e+03
3.091836547851562500e+03
3.093649291992187500e+03
3.094958496093750000e+03
3.096972656250000000e+03
3.098181152343750000e+03
3.100195312500000000e+03
3.101504516601562500e+03
3.103417968750000000e+03
3.104727172851562500e+03
3.106640625000000000e+03
3.107949829101562500e+03
3.109963989257812500e+03
3.111273193359375000e+03
3.113186645507812500e+03
3.114495849609375000e+03
3.116409301757812500e+03
3.117718505859375000e+03
3.119531250000000000e+03
3.120840454101562500e+03
3.122854614257812500e+03
3.124163818359375000e+03
3.126077270507812500e+03
3.127386474609375000e+03
3.129400634765625000e+03
3.130609130859375000e+03
3.132623291015625000e+03
3.133932495117187500e+03
3.135845947265625000e+03
3.137155151367187500e+03
3.139169311523437500e+03
3.140478515625000000e+03
3.142391967773437500e+03
3.143600463867187500e+03
3.145614624023437500e+03
3.146823120117187500e+03
3.148837280273437500e+03
3.150146484375000000e+03
3.152059936523437500e+03
3.153369140625000000e+03
3.155282592773437500e+03
3.156591796875000000e+03
3.158605957031250000e+03
3.159915161132812500e+03
3.161828613281250000e+03
3.163137817382812500e+03
3.165051269531250000e+03
3.166360473632812500e+03
3.168374633789062500e+03
3.169583129882812500e+03
3.171496582031250000e+03
3.172805786132812500e+03
3.174819946289062500e+03
3.176028442382812500e+03
3.178042602539062500e+03
3.179351806640625000e+03
3.181365966796875000e+03
3.182574462890625000e+03
3.184588623046875000e+03
3.185998535156250000e+03
3.187811279296875000e+03
3.189120483398437500e+03
3.191134643554687500e+03
3.192443847656250000e+03
3.194458007812500000e+03
3.195465087890625000e+03
3.197277832031250000e+03
3.198587036132812500e+03
3.200601196289062500e+03
3.201809692382812500e+03
3.203823852539062500e+03
3.205133056640625000e+03
3.207046508789062500e+03
3.208355712890625000e+03
3.210369873046875000e+03
3.211578369140625000e+03
3.213592529296875000e+03
3.214801025390625000e+03
3.216915893554687500e+03
3.218124389648437500e+03
3.220138549804687500e+03
3.221347045898437500e+03
3.223260498046875000e+03
3.224569702148437500e+03
3.226483154296875000e+03
3.227792358398437500e+03
3.229806518554687500e+03
3.231015014648437500e+03
3.233029174804687500e+03
3.234338378906250000e+03
3.236352539062500000e+03
3.237561035156250000e+03
3.239575195312500000e+03
3.240884399414062500e+03
3.242898559570312500e+03
3.244107055664062500e+03
3.246121215820312500e+03
3.247329711914062500e+03
3.249243164062500000e+03
3.250552368164062500e+03
3.252566528320312500e+03
3.253775024414062500e+03
3.255789184570312500e+03
3.257098388671875000e+03
3.259011840820312500e+03
3.260321044921875000e+03
3.262335205078125000e+03
3.263543701171875000e+03
3.265557861328125000e+03
3.266867065429687500e+03
3.268881225585937500e+03
3.270089721679687500e+03
3.272103881835937500e+03
3.273312377929687500e+03
3.275326538085937500e+03
3.276535034179687500e+03
3.278549194335937500e+03
3.279757690429687500e+03
3.281771850585937500e+03
3.283081054687500000e+03
3.285095214843750000e+03
3.286303710937500000e+03
3.288317871093750000e+03
3.289627075195312500e+03
3.291641235351562500e+03
3.292849731445312500e+03
3.294863891601562500e+03
3.296173095703125000e+03
3.298187255859375000e+03
