1
26
25
24
23
22
21
20
21
20
19
18
17
16
15
14
17
16
15
14
13
12
11
9
11
10
9
8
8
6
6
4
19
21
21
19
19
17
17
15
17
16
16
14
14
12
12
11
14
12
12
10
10
6
8
7
9
8
8
6
6
4
4
2
18
20
20
18
18
16
16
15
17
15
15
13
13
11
11
10
13
11
12
10
10
8
8
6
8
6
8
5
6
4
4
2
17
19
20
17
18
15
16
14
16
14
15
13
14
11
12
8
12
10
12
9
10
7
8
6
9
6
7
4
7
2
3
1
34
39
41
38
39
37
39
35
39
36
38
34
36
33
35
32
36
34
36
32
34
31
34
30
33
31
33
30
31
28
30
27
43
43
46
42
44
41
43
39
45
41
43
39
41
38
40
36
40
38
41
37
39
36
38
34
38
32
37
34
36
32
34
30
47
48
50
47
49
45
48
44
48
44
47
49
46
42
44
40
45
42
44
40
42
38
40
36
40
37
40
35
37
34
35
31
48
47
50
46
48
44
47
43
47
43
46
42
44
40
42
38
42
39
42
38
40
36
38
34
38
34
37
32
34
30
32
27
