-1
102
231
360
489
618
747
876
1003
1132
1261
1390
1519
1648
1777
1906
2031
2160
2289
2418
2547
2676
2805
2935
3061
3190
3319
3448
3576
3706
3834
3963
4077
4203
4331
4461
4589
4718
4847
4977
5103
5232
5360
5490
5618
5748
5876
6005
6130
6260
6388
6517
6646
6779
6903
7033
7159
7289
7416
7546
7674
7804
7932
8062
8174
8300
8428
8558
8686
8816
8944
9073
9199
9329
9457
9587
9715
9845
9972
10103
10227
10357
10484
10614
10741
10872
11000
11130
11256
11385
11512
11643
11770
11900
12028
12158
12271
12397
12524
12655
12782
12913
13040
13169
13295
13426
13553
13683
13810
13941
14069
14199
14324
14454
14581
14711
14838
14969
15096
15226
15351
15482
15609
15740
15865
15997
16124
16255
16350
16473
16599
16731
16856
16987
17114
17245
17370
17500
17626
17758
17884
18015
18141
18272
18396
18526
18652
18784
18910
19041
19167
19298
19423
19552
19679
19810
19937
20068
20194
20326
20437
20564
20690
20822
20948
21079
21205
21338
21460
21591
21717
21849
21975
22106
22232
22364
22488
22618
22744
22875
23001
23132
23258
23390
23514
23649
23771
23903
24028
24160
24286
24418
24529
24656
24782
24913
25039
25171
25296
25429
25552
25683
25810
25935
26066
26198
26324
26456
26579
26711
26836
26968
27094
27225
27352
27484
27608
27739
27864
27997
28123
28254
28381
28513
28624
28753
28878
29010
29136
29268
29393
29525
29649
29781
29906
30039
30164
30296
30422
30554
30677
30809
30934
31066
31192
31325
31450
31582
31706
31838
31964
32096
32222
32354
32480
32613
