-1.007080078125000000e-01
1.289062500000000000e+01
2.578125000000000000e+01
3.887329101562500000e+01
5.176391601562500000e+01
6.485595703125000000e+01
7.774658203125000000e+01
9.083862304687500000e+01
1.035278320312500000e+02
1.166198730468750000e+02
1.296112060546875000e+02
1.426025390625000000e+02
1.554931640625000000e+02
1.685852050781250000e+02
1.815765380859375000e+02
1.945678710937500000e+02
2.070556640625000000e+02
2.201477050781250000e+02
2.330383300781250000e+02
2.461303710937500000e+02
2.591217041015625000e+02
2.721130371093750000e+02
2.850036621093750000e+02
2.980957031250000000e+02
3.107849121093750000e+02
3.238769531250000000e+02
3.367675781250000000e+02
3.497589111328125000e+02
3.627502441406250000e+02
3.758422851562500000e+02
3.887329101562500000e+02
4.017242431640625000e+02
4.128021240234375000e+02
4.257934570312500000e+02
4.387847900390625000e+02
4.519775390625000000e+02
4.647674560546875000e+02
4.777587890625000000e+02
4.908508300781250000e+02
5.037414550781250000e+02
5.165313720703125000e+02
5.295227050781250000e+02
5.424133300781250000e+02
5.555053710937500000e+02
5.684967041015625000e+02
5.813873291015625000e+02
5.943786621093750000e+02
6.073699951171875000e+02
6.199584960937500000e+02
6.329498291015625000e+02
6.459411621093750000e+02
6.589324951171875000e+02
6.719238281250000000e+02
6.847137451171875000e+02
6.979064941406250000e+02
7.107971191406250000e+02
7.235870361328125000e+02
7.365783691406250000e+02
7.495697021484375000e+02
7.625610351562500000e+02
7.755523681640625000e+02
7.885437011718750000e+02
8.015350341796875000e+02
8.144256591796875000e+02
8.255035400390625000e+02
8.384948730468750000e+02
8.514862060546875000e+02
8.644775390625000000e+02
8.774688720703125000e+02
8.903594970703125000e+02
9.034515380859375000e+02
9.162414550781250000e+02
9.291320800781250000e+02
9.420227050781250000e+02
9.551147460937500000e+02
9.680053710937500000e+02
9.810974121093750000e+02
9.939880371093750000e+02
1.006979370117187500e+03
1.019970703125000000e+03
1.032559204101562500e+03
1.045550537109375000e+03
1.058541870117187500e+03
1.071432495117187500e+03
1.084423828125000000e+03
1.097415161132812500e+03
1.110507202148437500e+03
1.123397827148437500e+03
1.136187744140625000e+03
1.149078369140625000e+03
1.161968994140625000e+03
1.175061035156250000e+03
1.187951660156250000e+03
1.200942993164062500e+03
1.213934326171875000e+03
1.226824951171875000e+03
1.238104248046875000e+03
1.250994873046875000e+03
1.263986206054687500e+03
1.276876831054687500e+03
1.289968872070312500e+03
1.302960205078125000e+03
1.315951538085937500e+03
1.328741455078125000e+03
1.341632080078125000e+03
1.354522705078125000e+03
1.367413330078125000e+03
1.380404663085937500e+03
1.393496704101562500e+03
1.406387329101562500e+03
1.419580078125000000e+03
1.432470703125000000e+03
1.445159912109375000e+03
1.458050537109375000e+03
1.471142578125000000e+03
1.483932495117187500e+03
1.497024536132812500e+03
1.509915161132812500e+03
1.523007202148437500e+03
1.535897827148437500e+03
1.548687744140625000e+03
1.561578369140625000e+03
1.574670410156250000e+03
1.587661743164062500e+03
1.600653076171875000e+03
1.613543701171875000e+03
1.626635742187500000e+03
1.639526367187500000e+03
1.648388671875000000e+03
1.661178588867187500e+03
1.674270629882812500e+03
1.687161254882812500e+03
1.700253295898437500e+03
1.712942504882812500e+03
1.726135253906250000e+03
1.738925170898437500e+03
1.751815795898437500e+03
1.764605712890625000e+03
1.777798461914062500e+03
1.790588378906250000e+03
1.803680419921875000e+03
1.816571044921875000e+03
1.829562377929687500e+03
1.842453002929687500e+03
1.855142211914062500e+03
1.867932128906250000e+03
1.881024169921875000e+03
1.893914794921875000e+03
1.907006835937500000e+03
1.919897460937500000e+03
1.933190917968750000e+03
1.945678710937500000e+03
1.958670043945312500e+03
1.971560668945312500e+03
1.984552001953125000e+03
1.997341918945312500e+03
2.010433959960937500e+03
2.023223876953125000e+03
2.036416625976562500e+03
2.049206542968750000e+03
2.060485839843750000e+03
2.073275756835937500e+03
2.086367797851562500e+03
2.099157714843750000e+03
2.112350463867187500e+03
2.125140380859375000e+03
2.138232421875000000e+03
2.151022338867187500e+03
2.164013671875000000e+03
2.176602172851562500e+03
2.189895629882812500e+03
2.202584838867187500e+03
2.215777587890625000e+03
2.228567504882812500e+03
2.241659545898437500e+03
2.254550170898437500e+03
2.267340087890625000e+03
2.280029296875000000e+03
2.293222045898437500e+03
2.305911254882812500e+03
2.319104003906250000e+03
2.331893920898437500e+03
2.344985961914062500e+03
2.357775878906250000e+03
2.370767211914062500e+03
2.383657836914062500e+03
2.396548461914062500e+03
2.409439086914062500e+03
2.422631835937500000e+03
2.435321044921875000e+03
2.448513793945312500e+03
2.461303710937500000e+03
2.472583007812500000e+03
2.485272216796875000e+03
2.498464965820312500e+03
2.511154174804687500e+03
2.524346923828125000e+03
2.537136840820312500e+03
2.550329589843750000e+03
2.563119506835937500e+03
2.576010131835937500e+03
2.588699340820312500e+03
2.601992797851562500e+03
2.614984130859375000e+03
2.627874755859375000e+03
2.640664672851562500e+03
2.653756713867187500e+03
2.666647338867187500e+03
2.679437255859375000e+03
2.692227172851562500e+03
2.705419921875000000e+03
2.718209838867187500e+03
2.731201171875000000e+03
2.744091796875000000e+03
2.757385253906250000e+03
2.770074462890625000e+03
2.783065795898437500e+03
2.795755004882812500e+03
2.808947753906250000e+03
2.821636962890625000e+03
2.835031127929687500e+03
2.847518920898437500e+03
2.861013793945312500e+03
2.873703002929687500e+03
2.885183715820312500e+03
2.897872924804687500e+03
2.911065673828125000e+03
2.923754882812500000e+03
2.937048339843750000e+03
2.949636840820312500e+03
2.962930297851562500e+03
2.975619506835937500e+03
2.988711547851562500e+03
3.001400756835937500e+03
3.014694213867187500e+03
3.027282714843750000e+03
3.040576171875000000e+03
3.053265380859375000e+03
3.066659545898437500e+03
3.079348754882812500e+03
3.092239379882812500e+03
3.104928588867187500e+03
3.118121337890625000e+03
3.130911254882812500e+03
3.144104003906250000e+03
3.156793212890625000e+03
3.170086669921875000e+03
3.182876586914062500e+03
3.195968627929687500e+03
3.208557128906250000e+03
3.221850585937500000e+03
3.234539794921875000e+03
3.247833251953125000e+03
3.260522460937500000e+03
3.273815917968750000e+03
3.286605834960937500e+03
