-1.007080078125000000e-01
1.289062500000000000e+01
2.578125000000000000e+01
3.887329101562500000e+01
5.176391601562500000e+01
6.485595703125000000e+01
7.784729003906250000e+01
9.083862304687500000e+01
1.035278320312500000e+02
1.166198730468750000e+02
1.295104980468750000e+02
1.426025390625000000e+02
1.554931640625000000e+02
1.685852050781250000e+02
1.814758300781250000e+02
1.945678710937500000e+02
2.070556640625000000e+02
2.201477050781250000e+02
2.331390380859375000e+02
2.461303710937500000e+02
2.591217041015625000e+02
2.720123291015625000e+02
2.851043701171875000e+02
2.980957031250000000e+02
3.107849121093750000e+02
3.238769531250000000e+02
3.366668701171875000e+02
3.497589111328125000e+02
3.627502441406250000e+02
3.757415771484375000e+02
3.887329101562500000e+02
4.017242431640625000e+02
4.128021240234375000e+02
4.258941650390625000e+02
4.387847900390625000e+02
4.517761230468750000e+02
4.647674560546875000e+02
4.778594970703125000e+02
4.907501220703125000e+02
5.037414550781250000e+02
5.165313720703125000e+02
5.294219970703125000e+02
5.425140380859375000e+02
5.555053710937500000e+02
5.683959960937500000e+02
5.813873291015625000e+02
5.943786621093750000e+02
6.073699951171875000e+02
6.199584960937500000e+02
6.329498291015625000e+02
6.459411621093750000e+02
6.589324951171875000e+02
6.723266601562500000e+02
6.849151611328125000e+02
6.979064941406250000e+02
7.107971191406250000e+02
7.235870361328125000e+02
7.364776611328125000e+02
7.495697021484375000e+02
7.625610351562500000e+02
7.755523681640625000e+02
7.885437011718750000e+02
8.014343261718750000e+02
8.144256591796875000e+02
8.255035400390625000e+02
8.384948730468750000e+02
8.514862060546875000e+02
8.643768310546875000e+02
8.774688720703125000e+02
8.904602050781250000e+02
9.033508300781250000e+02
9.163421630859375000e+02
9.291320800781250000e+02
9.421234130859375000e+02
9.551147460937500000e+02
9.680053710937500000e+02
9.809967041015625000e+02
9.939880371093750000e+02
1.006878662109375000e+03
1.019869995117187500e+03
1.032559204101562500e+03
1.045449829101562500e+03
1.058541870117187500e+03
1.071432495117187500e+03
1.084524536132812500e+03
1.097415161132812500e+03
1.110507202148437500e+03
1.123196411132812500e+03
1.136187744140625000e+03
1.149078369140625000e+03
1.162069702148437500e+03
1.174859619140625000e+03
1.188052368164062500e+03
1.201144409179687500e+03
1.214035034179687500e+03
1.226925659179687500e+03
1.238104248046875000e+03
1.250994873046875000e+03
1.264086914062500000e+03
1.276977539062500000e+03
1.290069580078125000e+03
1.302960205078125000e+03
1.315850830078125000e+03
1.328741455078125000e+03
1.341833496093750000e+03
1.354522705078125000e+03
1.367614746093750000e+03
1.380606079101562500e+03
1.393597412109375000e+03
1.406488037109375000e+03
1.419580078125000000e+03
1.432470703125000000e+03
1.445159912109375000e+03
1.458050537109375000e+03
1.471142578125000000e+03
1.483932495117187500e+03
1.497024536132812500e+03
1.509814453125000000e+03
1.523007202148437500e+03
1.535897827148437500e+03
1.548687744140625000e+03
1.561679077148437500e+03
1.574670410156250000e+03
1.587561035156250000e+03
1.600653076171875000e+03
1.613543701171875000e+03
1.626535034179687500e+03
1.639425659179687500e+03
1.648388671875000000e+03
1.661279296875000000e+03
1.674371337890625000e+03
1.687161254882812500e+03
1.700253295898437500e+03
1.713043212890625000e+03
1.726235961914062500e+03
1.738925170898437500e+03
1.751916503906250000e+03
1.764706420898437500e+03
1.777798461914062500e+03
1.790487670898437500e+03
1.803680419921875000e+03
1.816571044921875000e+03
1.829562377929687500e+03
1.842453002929687500e+03
1.855142211914062500e+03
1.868032836914062500e+03
1.881124877929687500e+03
1.893914794921875000e+03
1.907006835937500000e+03
1.919897460937500000e+03
1.932888793945312500e+03
1.945779418945312500e+03
1.958569335937500000e+03
1.971459960937500000e+03
1.984753417968750000e+03
1.997341918945312500e+03
2.010534667968750000e+03
2.023324584960937500e+03
2.036416625976562500e+03
2.049206542968750000e+03
2.060586547851562500e+03
2.073275756835937500e+03
2.086367797851562500e+03
2.099057006835937500e+03
2.112350463867187500e+03
2.125140380859375000e+03
2.138232421875000000e+03
2.151022338867187500e+03
2.164013671875000000e+03
2.177005004882812500e+03
2.189794921875000000e+03
2.202584838867187500e+03
2.215676879882812500e+03
2.228466796875000000e+03
2.241659545898437500e+03
2.254550170898437500e+03
2.267340087890625000e+03
2.280029296875000000e+03
2.293222045898437500e+03
2.306011962890625000e+03
2.319104003906250000e+03
2.331793212890625000e+03
2.344985961914062500e+03
2.357775878906250000e+03
2.370767211914062500e+03
2.383456420898437500e+03
2.396649169921875000e+03
2.409338378906250000e+03
2.422631835937500000e+03
2.435220336914062500e+03
2.448513793945312500e+03
2.461303710937500000e+03
2.472683715820312500e+03
2.485272216796875000e+03
2.498565673828125000e+03
2.511154174804687500e+03
2.524346923828125000e+03
2.537036132812500000e+03
2.550228881835937500e+03
2.563018798828125000e+03
2.576010131835937500e+03
2.588699340820312500e+03
2.601992797851562500e+03
2.614782714843750000e+03
2.627270507812500000e+03
2.640563964843750000e+03
2.653857421875000000e+03
2.666546630859375000e+03
2.679437255859375000e+03
2.692126464843750000e+03
2.705419921875000000e+03
2.718209838867187500e+03
2.731402587890625000e+03
2.744091796875000000e+03
2.757284545898437500e+03
2.770074462890625000e+03
2.783065795898437500e+03
2.795855712890625000e+03
2.809048461914062500e+03
2.821737670898437500e+03
2.834930419921875000e+03
2.847821044921875000e+03
2.860913085937500000e+03
2.873703002929687500e+03
2.885183715820312500e+03
2.897872924804687500e+03
2.911065673828125000e+03
2.923855590820312500e+03
2.936947631835937500e+03
2.949737548828125000e+03
2.963131713867187500e+03
2.975619506835937500e+03
2.988711547851562500e+03
3.001300048828125000e+03
3.014694213867187500e+03
3.027282714843750000e+03
3.040576171875000000e+03
3.053265380859375000e+03
3.066659545898437500e+03
3.079248046875000000e+03
3.092239379882812500e+03
3.104928588867187500e+03
3.118222045898437500e+03
3.130911254882812500e+03
3.144104003906250000e+03
3.156793212890625000e+03
3.170086669921875000e+03
3.182876586914062500e+03
3.195968627929687500e+03
3.208557128906250000e+03
3.221850585937500000e+03
3.234539794921875000e+03
3.247833251953125000e+03
3.260522460937500000e+03
3.273815917968750000e+03
3.286605834960937500e+03
