-1.007080078125000000e-01
1.289062500000000000e+01
2.578125000000000000e+01
3.887329101562500000e+01
5.176391601562500000e+01
6.485595703125000000e+01
7.774658203125000000e+01
9.083862304687500000e+01
1.035278320312500000e+02
1.166198730468750000e+02
1.295104980468750000e+02
1.426025390625000000e+02
1.554931640625000000e+02
1.685852050781250000e+02
1.814758300781250000e+02
1.945678710937500000e+02
2.070556640625000000e+02
2.201477050781250000e+02
2.331390380859375000e+02
2.461303710937500000e+02
2.590209960937500000e+02
2.721130371093750000e+02
2.851043701171875000e+02
2.980957031250000000e+02
3.107849121093750000e+02
3.237762451171875000e+02
3.368682861328125000e+02
3.498596191406250000e+02
3.627502441406250000e+02
3.758422851562500000e+02
3.887329101562500000e+02
4.017242431640625000e+02
4.128021240234375000e+02
4.257934570312500000e+02
4.387847900390625000e+02
4.518768310546875000e+02
4.647674560546875000e+02
4.778594970703125000e+02
4.907501220703125000e+02
5.037414550781250000e+02
5.165313720703125000e+02
5.294219970703125000e+02
5.425140380859375000e+02
5.555053710937500000e+02
5.683959960937500000e+02
5.813873291015625000e+02
5.943786621093750000e+02
6.073699951171875000e+02
6.200592041015625000e+02
6.329498291015625000e+02
6.460418701171875000e+02
6.590332031250000000e+02
6.720245361328125000e+02
6.849151611328125000e+02
6.979064941406250000e+02
7.109985351562500000e+02
7.235870361328125000e+02
7.366790771484375000e+02
7.496704101562500000e+02
7.626617431640625000e+02
7.756530761718750000e+02
7.886444091796875000e+02
8.016357421875000000e+02
8.146270751953125000e+02
8.256042480468750000e+02
8.385955810546875000e+02
8.515869140625000000e+02
8.645782470703125000e+02
8.775695800781250000e+02
8.905609130859375000e+02
9.037536621093750000e+02
9.164428710937500000e+02
9.292327880859375000e+02
9.422241210937500000e+02
9.552154541015625000e+02
9.682067871093750000e+02
9.811981201171875000e+02
9.940887451171875000e+02
1.007080078125000000e+03
1.020071411132812500e+03
1.032760620117187500e+03
1.045651245117187500e+03
1.058642578125000000e+03
1.071633911132812500e+03
1.084625244140625000e+03
1.097415161132812500e+03
1.110607910156250000e+03
1.123498535156250000e+03
1.136187744140625000e+03
1.149179077148437500e+03
1.162271118164062500e+03
1.175061035156250000e+03
1.188153076171875000e+03
1.200942993164062500e+03
1.214035034179687500e+03
1.227026367187500000e+03
1.238204956054687500e+03
1.250994873046875000e+03
1.264187622070312500e+03
1.276977539062500000e+03
1.290069580078125000e+03
1.302960205078125000e+03
1.316052246093750000e+03
1.328942871093750000e+03
1.341833496093750000e+03
1.354824829101562500e+03
1.367715454101562500e+03
1.380606079101562500e+03
1.393698120117187500e+03
1.406588745117187500e+03
1.419680786132812500e+03
1.432571411132812500e+03
1.445361328125000000e+03
1.458151245117187500e+03
1.471243286132812500e+03
1.484133911132812500e+03
1.497125244140625000e+03
1.510116577148437500e+03
1.523107910156250000e+03
1.536099243164062500e+03
1.548889160156250000e+03
1.561779785156250000e+03
1.574972534179687500e+03
1.587762451171875000e+03
1.600854492187500000e+03
1.613644409179687500e+03
1.626837158203125000e+03
1.639727783203125000e+03
1.648287963867187500e+03
1.661077880859375000e+03
1.674169921875000000e+03
1.686959838867187500e+03
1.700051879882812500e+03
1.712942504882812500e+03
1.725933837890625000e+03
1.738824462890625000e+03
1.751715087890625000e+03
1.764505004882812500e+03
1.777597045898437500e+03
1.790386962890625000e+03
1.803680419921875000e+03
1.816369628906250000e+03
1.829461669921875000e+03
1.842251586914062500e+03
1.855041503906250000e+03
1.867831420898437500e+03
1.880923461914062500e+03
1.893713378906250000e+03
1.906906127929687500e+03
1.919696044921875000e+03
1.932788085937500000e+03
1.945578002929687500e+03
1.958468627929687500e+03
1.971258544921875000e+03
1.984451293945312500e+03
1.997241210937500000e+03
2.010333251953125000e+03
2.023123168945312500e+03
2.036215209960937500e+03
2.049105834960937500e+03
2.060385131835937500e+03
2.073175048828125000e+03
2.086267089843750000e+03
2.099157714843750000e+03
2.112149047851562500e+03
2.124938964843750000e+03
2.138131713867187500e+03
2.150921630859375000e+03
2.163812255859375000e+03
2.176501464843750000e+03
2.189694213867187500e+03
2.202484130859375000e+03
2.215475463867187500e+03
2.228366088867187500e+03
2.241558837890625000e+03
2.254348754882812500e+03
2.267239379882812500e+03
2.279928588867187500e+03
2.293121337890625000e+03
2.305810546875000000e+03
2.319003295898437500e+03
2.331692504882812500e+03
2.344885253906250000e+03
2.357675170898437500e+03
2.370565795898437500e+03
2.383355712890625000e+03
2.395944213867187500e+03
2.409237670898437500e+03
2.422531127929687500e+03
2.435321044921875000e+03
2.448413085937500000e+03
2.461203002929687500e+03
2.472583007812500000e+03
2.485272216796875000e+03
2.498364257812500000e+03
2.511053466796875000e+03
2.524246215820312500e+03
2.537036132812500000e+03
2.550329589843750000e+03
2.563018798828125000e+03
2.576110839843750000e+03
2.588699340820312500e+03
2.601892089843750000e+03
2.614682006835937500e+03
2.627774047851562500e+03
2.640563964843750000e+03
2.653756713867187500e+03
2.666546630859375000e+03
2.679437255859375000e+03
2.692126464843750000e+03
2.705319213867187500e+03
2.718109130859375000e+03
2.731402587890625000e+03
2.743991088867187500e+03
2.757284545898437500e+03
2.770074462890625000e+03
2.783065795898437500e+03
2.795755004882812500e+03
2.808947753906250000e+03
2.821636962890625000e+03
2.834930419921875000e+03
2.847821044921875000e+03
2.860913085937500000e+03
2.873703002929687500e+03
2.885083007812500000e+03
2.897772216796875000e+03
2.910964965820312500e+03
2.923754882812500000e+03
2.937048339843750000e+03
2.949636840820312500e+03
2.962829589843750000e+03
2.975619506835937500e+03
2.988711547851562500e+03
3.001300048828125000e+03
3.014593505859375000e+03
3.027383422851562500e+03
3.040576171875000000e+03
3.053265380859375000e+03
3.066558837890625000e+03
3.079248046875000000e+03
3.092239379882812500e+03
3.104928588867187500e+03
3.118222045898437500e+03
3.130810546875000000e+03
3.144204711914062500e+03
3.156793212890625000e+03
3.170187377929687500e+03
3.182876586914062500e+03
3.195867919921875000e+03
3.208557128906250000e+03
3.221850585937500000e+03
3.234539794921875000e+03
3.247833251953125000e+03
3.260522460937500000e+03
3.273916625976562500e+03
3.286605834960937500e+03
