-1.007080078125000000e-01
5.136108398437500000e+00
1.158142089843750000e+01
3.299899291992187500e+03
2.104797363281250000e+01
3.111877441406250000e+01
3.756408691406250000e+01
4.411010742187500000e+01
5.055541992187500000e+01
5.710144042968750000e+01
6.354675292968750000e+01
7.019348144531250000e+01
7.653808593750000000e+01
8.308410644531250000e+01
8.952941894531250000e+01
9.617614746093750000e+01
1.023193359375000000e+02
1.088653564453125000e+02
1.153106689453125000e+02
1.219573974609375000e+02
1.283020019531250000e+02
1.348480224609375000e+02
1.412933349609375000e+02
1.478393554687500000e+02
1.542846679687500000e+02
1.608306884765625000e+02
1.672760009765625000e+02
1.739227294921875000e+02
1.802673339843750000e+02
1.868133544921875000e+02
1.932586669921875000e+02
1.998046875000000000e+02
2.059478759765625000e+02
2.123931884765625000e+02
2.188385009765625000e+02
2.251831054687500000e+02
2.317291259765625000e+02
2.383758544921875000e+02
2.448211669921875000e+02
2.514678955078125000e+02
2.578125000000000000e+02
2.643585205078125000e+02
2.708038330078125000e+02
2.774505615234375000e+02
2.837951660156250000e+02
2.903411865234375000e+02
2.967864990234375000e+02
3.034332275390625000e+02
3.095764160156250000e+02
3.161224365234375000e+02
3.225677490234375000e+02
3.292144775390625000e+02
3.355590820312500000e+02
3.421051025390625000e+02
3.485504150390625000e+02
3.550964355468750000e+02
3.614410400390625000e+02
3.679870605468750000e+02
3.745330810546875000e+02
3.810791015625000000e+02
3.874237060546875000e+02
3.939697265625000000e+02
4.004150390625000000e+02
4.070617675781250000e+02
4.118957519531250000e+02
4.181396484375000000e+02
4.245849609375000000e+02
4.311309814453125000e+02
4.374755859375000000e+02
4.441223144531250000e+02
4.508697509765625000e+02
4.572143554687500000e+02
4.634582519531250000e+02
4.701049804687500000e+02
4.765502929687500000e+02
4.830963134765625000e+02
4.894409179687500000e+02
4.960876464843750000e+02
5.024322509765625000e+02
5.090789794921875000e+02
5.152221679687500000e+02
5.217681884765625000e+02
5.282135009765625000e+02
5.348602294921875000e+02
5.412048339843750000e+02
5.477508544921875000e+02
5.541961669921875000e+02
5.608428955078125000e+02
5.670867919921875000e+02
5.736328125000000000e+02
5.800781250000000000e+02
5.867248535156250000e+02
5.930694580078125000e+02
5.996154785156250000e+02
6.060607910156250000e+02
6.127075195312500000e+02
6.187500000000000000e+02
6.251953125000000000e+02
6.316406250000000000e+02
6.382873535156250000e+02
6.446319580078125000e+02
6.512786865234375000e+02
6.576232910156250000e+02
6.642700195312500000e+02
6.706146240234375000e+02
6.774627685546875000e+02
6.837066650390625000e+02
6.901519775390625000e+02
6.964965820312500000e+02
7.031433105468750000e+02
7.095886230468750000e+02
7.161346435546875000e+02
7.222778320312500000e+02
7.288238525390625000e+02
7.352691650390625000e+02
7.419158935546875000e+02
7.482604980468750000e+02
7.548065185546875000e+02
7.612518310546875000e+02
7.678985595703125000e+02
7.742431640625000000e+02
7.807891845703125000e+02
7.872344970703125000e+02
7.938812255859375000e+02
8.001251220703125000e+02
8.067718505859375000e+02
8.131164550781250000e+02
8.197631835937500000e+02
8.245971679687500000e+02
8.307403564453125000e+02
8.371856689453125000e+02
8.438323974609375000e+02
8.501770019531250000e+02
8.567230224609375000e+02
8.630676269531250000e+02
8.698150634765625000e+02
8.760589599609375000e+02
8.827056884765625000e+02
8.890502929687500000e+02
8.957977294921875000e+02
9.021423339843750000e+02
9.086883544921875000e+02
9.150329589843750000e+02
9.216796875000000000e+02
9.277221679687500000e+02
9.343688964843750000e+02
9.407135009765625000e+02
9.474609375000000000e+02
9.538055419921875000e+02
9.603515625000000000e+02
9.667968750000000000e+02
9.734436035156250000e+02
9.796875000000000000e+02
9.863342285156250000e+02
9.926788330078125000e+02
9.993255615234375000e+02
1.005670166015625000e+03
1.012216186523437500e+03
1.018661499023437500e+03
1.025308227539062500e+03
1.031250000000000000e+03
1.037896728515625000e+03
1.044140625000000000e+03
1.050888061523437500e+03
1.057131958007812500e+03
1.063778686523437500e+03
1.070123291015625000e+03
1.076870727539062500e+03
1.083013916015625000e+03
1.089761352539062500e+03
1.096105957031250000e+03
1.102853393554687500e+03
1.109097290039062500e+03
1.115744018554687500e+03
1.122088623046875000e+03
1.128836059570312500e+03
1.134777832031250000e+03
1.141424560546875000e+03
1.147668457031250000e+03
1.154415893554687500e+03
1.160760498046875000e+03
1.167306518554687500e+03
1.173751831054687500e+03
1.180398559570312500e+03
1.186642456054687500e+03
1.193289184570312500e+03
1.199633789062500000e+03
1.206381225585937500e+03
1.212524414062500000e+03
1.219271850585937500e+03
1.225616455078125000e+03
1.232263183593750000e+03
1.236996459960937500e+03
1.243341064453125000e+03
1.249685668945312500e+03
1.256433105468750000e+03
1.262576293945312500e+03
1.269323730468750000e+03
1.275567626953125000e+03
1.282315063476562500e+03
1.288558959960937500e+03
1.295306396484375000e+03
1.301550292968750000e+03
1.308499145507812500e+03
1.314541625976562500e+03
1.321188354492187500e+03
1.327432250976562500e+03
1.334280395507812500e+03
1.340322875976562500e+03
1.346969604492187500e+03
1.353414916992187500e+03
1.359860229492187500e+03
1.366104125976562500e+03
1.372851562500000000e+03
1.379196166992187500e+03
1.385943603515625000e+03
1.392086791992187500e+03
1.398834228515625000e+03
1.405178833007812500e+03
1.411926269531250000e+03
1.418170166015625000e+03
1.424816894531250000e+03
1.431161499023437500e+03
1.437908935546875000e+03
1.443850708007812500e+03
1.450497436523437500e+03
1.456741333007812500e+03
1.463488769531250000e+03
1.469631958007812500e+03
1.476379394531250000e+03
1.482623291015625000e+03
1.489471435546875000e+03
1.495614624023437500e+03
1.502362060546875000e+03
1.508605957031250000e+03
1.515353393554687500e+03
1.521496582031250000e+03
1.528344726562500000e+03
1.534588623046875000e+03
1.541336059570312500e+03
1.547378540039062500e+03
1.554025268554687500e+03
1.560269165039062500e+03
1.567016601562500000e+03
1.573260498046875000e+03
1.579907226562500000e+03
1.586151123046875000e+03
1.592999267578125000e+03
1.599142456054687500e+03
1.605889892578125000e+03
1.612234497070312500e+03
1.618981933593750000e+03
1.625225830078125000e+03
1.631872558593750000e+03
1.638217163085937500e+03
1.644964599609375000e+03
1.647885131835937500e+03
1.653826904296875000e+03
1.660171508789062500e+03
1.666918945312500000e+03
1.673062133789062500e+03
1.679809570312500000e+03
1.686053466796875000e+03
1.692800903320312500e+03
1.698944091796875000e+03
1.705691528320312500e+03
1.712036132812500000e+03
1.718682861328125000e+03
1.724826049804687500e+03
1.731573486328125000e+03
1.737817382812500000e+03
1.744665527343750000e+03
1.750607299804687500e+03
1.757254028320312500e+03
1.763497924804687500e+03
1.770346069335937500e+03
1.776489257812500000e+03
1.783236694335937500e+03
1.789480590820312500e+03
1.796328735351562500e+03
1.802471923828125000e+03
1.809219360351562500e+03
1.815463256835937500e+03
1.822109985351562500e+03
1.828253173828125000e+03
1.835101318359375000e+03
1.841345214843750000e+03
1.848092651367187500e+03
1.853933715820312500e+03
1.860681152343750000e+03
1.866824340820312500e+03
1.873773193359375000e+03
1.879815673828125000e+03
1.886563110351562500e+03
1.892807006835937500e+03
1.899554443359375000e+03
1.905697631835937500e+03
1.912445068359375000e+03
1.918688964843750000e+03
1.925537109375000000e+03
1.931680297851562500e+03
1.938528442382812500e+03
1.944570922851562500e+03
1.951419067382812500e+03
1.957360839843750000e+03
1.964108276367187500e+03
1.970352172851562500e+03
1.977099609375000000e+03
1.983242797851562500e+03
1.989889526367187500e+03
1.996234130859375000e+03
2.002981567382812500e+03
2.009124755859375000e+03
2.015972900390625000e+03
2.022116088867187500e+03
2.028964233398437500e+03
2.035107421875000000e+03
2.041854858398437500e+03
2.047998046875000000e+03
2.054846191406250000e+03
2.059579467773437500e+03
2.065924072265625000e+03
2.072167968750000000e+03
2.078915405273437500e+03
2.085058593750000000e+03
2.091806030273437500e+03
2.098150634765625000e+03
2.104898071289062500e+03
2.110940551757812500e+03
2.117788696289062500e+03
2.123931884765625000e+03
2.130780029296875000e+03
2.136923217773437500e+03
2.143670654296875000e+03
2.149914550781250000e+03
2.156762695312500000e+03
2.162704467773437500e+03
2.169451904296875000e+03
2.175494384765625000e+03
2.182342529296875000e+03
2.188385009765625000e+03
2.195233154296875000e+03
2.201477050781250000e+03
2.208325195312500000e+03
2.214367675781250000e+03
2.221215820312500000e+03
2.227359008789062500e+03
2.234207153320312500e+03
2.240350341796875000e+03
2.247097778320312500e+03
2.253341674804687500e+03
2.260189819335937500e+03
2.266030883789062500e+03
2.272778320312500000e+03
2.278921508789062500e+03
2.285769653320312500e+03
2.291812133789062500e+03
2.298660278320312500e+03
2.304803466796875000e+03
2.311550903320312500e+03
2.317694091796875000e+03
2.324542236328125000e+03
2.330685424804687500e+03
2.337533569335937500e+03
2.343576049804687500e+03
2.350424194335937500e+03
2.356668090820312500e+03
2.363516235351562500e+03
2.369458007812500000e+03
2.376205444335937500e+03
2.382348632812500000e+03
2.389297485351562500e+03
2.395138549804687500e+03
2.401986694335937500e+03
2.408230590820312500e+03
2.415078735351562500e+03
2.421221923828125000e+03
2.428070068359375000e+03
2.434213256835937500e+03
2.440960693359375000e+03
2.447204589843750000e+03
2.453952026367187500e+03
2.460095214843750000e+03
2.467044067382812500e+03
2.471575927734375000e+03
2.478021240234375000e+03
2.484164428710937500e+03
2.491012573242187500e+03
2.497055053710937500e+03
2.503903198242187500e+03
2.509945678710937500e+03
2.516894531250000000e+03
2.523037719726562500e+03
2.529785156250000000e+03
2.535928344726562500e+03
2.542877197265625000e+03
2.548919677734375000e+03
2.555767822265625000e+03
2.561911010742187500e+03
2.568859863281250000e+03
2.574801635742187500e+03
2.581549072265625000e+03
2.587591552734375000e+03
2.594439697265625000e+03
2.600582885742187500e+03
2.607431030273437500e+03
2.613574218750000000e+03
2.619918823242187500e+03
2.626162719726562500e+03
2.633312988281250000e+03
2.639456176757812500e+03
2.646304321289062500e+03
2.652346801757812500e+03
2.659194946289062500e+03
2.665438842773437500e+03
2.672286987304687500e+03
2.678128051757812500e+03
2.684875488281250000e+03
2.691018676757812500e+03
2.697967529296875000e+03
2.704010009765625000e+03
2.710757446289062500e+03
2.717001342773437500e+03
2.723849487304687500e+03
2.729992675781250000e+03
2.736740112304687500e+03
2.742984008789062500e+03
2.749731445312500000e+03
2.755975341796875000e+03
2.762722778320312500e+03
2.768966674804687500e+03
2.775714111328125000e+03
2.781655883789062500e+03
2.788403320312500000e+03
2.794647216796875000e+03
2.801495361328125000e+03
2.807537841796875000e+03
2.814385986328125000e+03
2.820529174804687500e+03
2.827478027343750000e+03
2.833520507812500000e+03
2.840368652343750000e+03
2.846109008789062500e+03
2.853259277343750000e+03
2.859503173828125000e+03
2.866351318359375000e+03
2.872595214843750000e+03
2.879443359375000000e+03
2.884075927734375000e+03
2.890521240234375000e+03
2.896664428710937500e+03
2.903512573242187500e+03
2.909655761718750000e+03
2.916403198242187500e+03
2.922546386718750000e+03
2.929394531250000000e+03
2.935537719726562500e+03
2.942385864257812500e+03
2.948529052734375000e+03
2.955377197265625000e+03
2.961419677734375000e+03
2.968267822265625000e+03
2.974511718750000000e+03
2.981359863281250000e+03
2.987301635742187500e+03
2.994049072265625000e+03
3.000192260742187500e+03
3.007040405273437500e+03
3.013183593750000000e+03
3.020031738281250000e+03
3.026174926757812500e+03
3.033023071289062500e+03
3.039166259765625000e+03
3.046014404296875000e+03
3.052157592773437500e+03
3.059005737304687500e+03
3.065148925781250000e+03
3.071997070312500000e+03
3.078140258789062500e+03
3.084988403320312500e+03
3.090829467773437500e+03
3.097576904296875000e+03
3.103720092773437500e+03
3.110668945312500000e+03
3.116711425781250000e+03
3.123559570312500000e+03
3.129702758789062500e+03
3.136550903320312500e+03
3.142694091796875000e+03
3.149542236328125000e+03
3.155685424804687500e+03
3.162634277343750000e+03
3.168676757812500000e+03
3.175524902343750000e+03
3.181668090820312500e+03
3.188516235351562500e+03
3.194458007812500000e+03
3.201306152343750000e+03
3.207449340820312500e+03
3.214297485351562500e+03
3.220339965820312500e+03
3.227188110351562500e+03
3.233331298828125000e+03
3.240280151367187500e+03
3.246322631835937500e+03
3.253271484375000000e+03
3.259414672851562500e+03
3.266262817382812500e+03
3.272305297851562500e+03
3.279254150390625000e+03
3.285397338867187500e+03
3.292346191406250000e+03
