0.000000000000000000e+00
1.289062500000000000e+01
2.578125000000000000e+01
3.867187500000000000e+01
5.156250000000000000e+01
6.445312500000000000e+01
7.734375000000000000e+01
9.023437500000000000e+01
1.031250000000000000e+02
1.160156250000000000e+02
1.289062500000000000e+02
1.417968750000000000e+02
1.546875000000000000e+02
1.675781250000000000e+02
1.804687500000000000e+02
1.933593750000000000e+02
2.062500000000000000e+02
2.191406250000000000e+02
2.320312500000000000e+02
2.449218750000000000e+02
2.578125000000000000e+02
2.707031250000000000e+02
2.835937500000000000e+02
2.963836669921875000e+02
3.093750000000000000e+02
3.222656250000000000e+02
3.350555419921875000e+02
3.480468750000000000e+02
3.609375000000000000e+02
3.738281250000000000e+02
3.867187500000000000e+02
3.995086669921875000e+02
4.125000000000000000e+02
4.253906250000000000e+02
4.382812500000000000e+02
4.511718750000000000e+02
4.640625000000000000e+02
4.769531250000000000e+02
4.898437500000000000e+02
5.027343750000000000e+02
5.156250000000000000e+02
5.285156250000000000e+02
5.414062500000000000e+02
5.542968750000000000e+02
5.671875000000000000e+02
5.800781250000000000e+02
5.929687500000000000e+02
6.058593750000000000e+02
6.187500000000000000e+02
6.316406250000000000e+02
6.445312500000000000e+02
6.574218750000000000e+02
6.703125000000000000e+02
6.830017089843750000e+02
6.960937500000000000e+02
7.089843750000000000e+02
7.218750000000000000e+02
7.347656250000000000e+02
7.476562500000000000e+02
7.605468750000000000e+02
7.734375000000000000e+02
7.863281250000000000e+02
7.992187500000000000e+02
8.121093750000000000e+02
8.250000000000000000e+02
8.378906250000000000e+02
8.507812500000000000e+02
8.636718750000000000e+02
8.765625000000000000e+02
8.894531250000000000e+02
9.023437500000000000e+02
9.152343750000000000e+02
9.281250000000000000e+02
9.410156250000000000e+02
9.539062500000000000e+02
9.667968750000000000e+02
9.796875000000000000e+02
9.925781250000000000e+02
1.005468750000000000e+03
1.018359375000000000e+03
1.031250000000000000e+03
1.044039916992187500e+03
1.057031250000000000e+03
1.069921875000000000e+03
1.082711791992187500e+03
1.095602416992187500e+03
1.108493041992187500e+03
1.121484375000000000e+03
1.134375000000000000e+03
1.147164916992187500e+03
1.160156250000000000e+03
1.173046875000000000e+03
1.185937500000000000e+03
1.198828125000000000e+03
1.211718750000000000e+03
1.224609375000000000e+03
1.237399291992187500e+03
1.250491333007812500e+03
1.263281250000000000e+03
1.276171875000000000e+03
1.289062500000000000e+03
1.301953125000000000e+03
1.314743041992187500e+03
1.327734375000000000e+03
1.340524291992187500e+03
1.353515625000000000e+03
1.366305541992187500e+03
1.379196166992187500e+03
1.392187500000000000e+03
1.405078125000000000e+03
1.418069458007812500e+03
1.430758666992187500e+03
1.443750000000000000e+03
1.456640625000000000e+03
1.469631958007812500e+03
1.482421875000000000e+03
1.495312500000000000e+03
1.508203125000000000e+03
1.520993041992187500e+03
1.533984375000000000e+03
1.546875000000000000e+03
1.559765625000000000e+03
1.572656250000000000e+03
1.585546875000000000e+03
1.598638916015625000e+03
1.611227416992187500e+03
1.624118041992187500e+03
1.637109375000000000e+03
1.650000000000000000e+03
1.662890625000000000e+03
1.675781250000000000e+03
1.688772583007812500e+03
1.701663208007812500e+03
1.714553833007812500e+03
1.727444458007812500e+03
1.740234375000000000e+03
1.753125000000000000e+03
1.766015625000000000e+03
1.779006958007812500e+03
1.791796875000000000e+03
1.804687500000000000e+03
1.817578125000000000e+03
1.830468750000000000e+03
1.843359375000000000e+03
1.856250000000000000e+03
1.869140625000000000e+03
1.882031250000000000e+03
1.894921875000000000e+03
1.907812500000000000e+03
1.920703125000000000e+03
1.933795166015625000e+03
1.946484375000000000e+03
1.959375000000000000e+03
1.972164916992187500e+03
1.985256958007812500e+03
1.998046875000000000e+03
2.010937500000000000e+03
2.023828125000000000e+03
2.036718750000000000e+03
2.049710083007812500e+03
2.062500000000000000e+03
2.075289916992187500e+03
2.088281250000000000e+03
2.101171875000000000e+03
2.114062500000000000e+03
2.126953125000000000e+03
2.139944458007812500e+03
2.152734375000000000e+03
2.165725708007812500e+03
2.178515625000000000e+03
2.191406250000000000e+03
2.204296875000000000e+03
2.217187500000000000e+03
2.230078125000000000e+03
2.242968750000000000e+03
2.255859375000000000e+03
2.268750000000000000e+03
2.281741333007812500e+03
2.294531250000000000e+03
2.307421875000000000e+03
2.320312500000000000e+03
2.333203125000000000e+03
2.346093750000000000e+03
2.358883666992187500e+03
2.371975708007812500e+03
2.384664916992187500e+03
2.397656250000000000e+03
2.410647583007812500e+03
2.423437500000000000e+03
2.436328125000000000e+03
2.449319458007812500e+03
2.462109375000000000e+03
2.474899291992187500e+03
2.487890625000000000e+03
2.500781250000000000e+03
2.513671875000000000e+03
2.526562500000000000e+03
2.539352416992187500e+03
2.552444458007812500e+03
2.565234375000000000e+03
2.578225708007812500e+03
2.590914916992187500e+03
2.604006958007812500e+03
2.617098999023437500e+03
2.629788208007812500e+03
2.642578125000000000e+03
2.655468750000000000e+03
2.668359375000000000e+03
2.681250000000000000e+03
2.694241333007812500e+03
2.707031250000000000e+03
2.720022583007812500e+03
2.732812500000000000e+03
2.745703125000000000e+03
2.758593750000000000e+03
2.771484375000000000e+03
2.784375000000000000e+03
2.797265625000000000e+03
2.810256958007812500e+03
2.823046875000000000e+03
2.835937500000000000e+03
2.848928833007812500e+03
2.861718750000000000e+03
2.874609375000000000e+03
2.887500000000000000e+03
2.900390625000000000e+03
2.913281250000000000e+03
2.926171875000000000e+03
2.939062500000000000e+03
2.951953125000000000e+03
2.964843750000000000e+03
2.977734375000000000e+03
2.990625000000000000e+03
3.003515625000000000e+03
3.016406250000000000e+03
3.029296875000000000e+03
3.042187500000000000e+03
3.055178833007812500e+03
3.067968750000000000e+03
3.080960083007812500e+03
3.093649291992187500e+03
3.106640625000000000e+03
3.119531250000000000e+03
3.132522583007812500e+03
3.145312500000000000e+03
3.158203125000000000e+03
3.171093750000000000e+03
3.184085083007812500e+03
3.196875000000000000e+03
3.209765625000000000e+03
3.222756958007812500e+03
3.235546875000000000e+03
3.248437500000000000e+03
3.261428833007812500e+03
3.274218750000000000e+03
3.287109375000000000e+03
