-1.007080078125000000e-01
2.517700195312500000e+00
5.639648437500000000e+00
8.963012695312500000e+00
1.228637695312500000e+01
1.550903320312500000e+01
1.873168945312500000e+01
2.205505371093750000e+01
2.517700195312500000e+01
2.850036621093750000e+01
3.172302246093750000e+01
3.504638671875000000e+01
3.826904296875000000e+01
4.149169921875000000e+01
4.471435546875000000e+01
4.803771972656250000e+01
5.115966796875000000e+01
5.448303222656250000e+01
5.770568847656250000e+01
6.102905273437500000e+01
6.425170898437500000e+01
6.757507324218750000e+01
7.069702148437500000e+01
7.412109375000000000e+01
7.714233398437500000e+01
8.046569824218750000e+01
8.368835449218750000e+01
8.701171875000000000e+01
9.023437500000000000e+01
9.355773925781250000e+01
9.667968750000000000e+01
1.000030517578125000e+02
1.030242919921875000e+02
1.062469482421875000e+02
1.093688964843750000e+02
1.126922607421875000e+02
1.159149169921875000e+02
1.193389892578125000e+02
1.224609375000000000e+02
1.257843017578125000e+02
1.289062500000000000e+02
1.322296142578125000e+02
1.353515625000000000e+02
1.387756347656250000e+02
1.419982910156250000e+02
1.452209472656250000e+02
1.484436035156250000e+02
1.517669677734375000e+02
1.548889160156250000e+02
1.582122802734375000e+02
1.613342285156250000e+02
1.647583007812500000e+02
1.679809570312500000e+02
1.712036132812500000e+02
1.744262695312500000e+02
1.777496337890625000e+02
1.808715820312500000e+02
1.841949462890625000e+02
1.873168945312500000e+02
1.906402587890625000e+02
1.938629150390625000e+02
1.971862792968750000e+02
2.004089355468750000e+02
2.037322998046875000e+02
2.065521240234375000e+02
2.097747802734375000e+02
2.129974365234375000e+02
2.163208007812500000e+02
2.195434570312500000e+02
2.228668212890625000e+02
2.258880615234375000e+02
2.293121337890625000e+02
2.324340820312500000e+02
2.357574462890625000e+02
2.389801025390625000e+02
2.423034667968750000e+02
2.455261230468750000e+02
2.488494873046875000e+02
2.520721435546875000e+02
2.553955078125000000e+02
2.584167480468750000e+02
2.617401123046875000e+02
2.649627685546875000e+02
2.682861328125000000e+02
2.715087890625000000e+02
2.748321533203125000e+02
2.779541015625000000e+02
2.812774658203125000e+02
2.843994140625000000e+02
2.877227783203125000e+02
2.909454345703125000e+02
2.942687988281250000e+02
2.974914550781250000e+02
3.009155273437500000e+02
3.039367675781250000e+02
3.072601318359375000e+02
3.101806640625000000e+02
3.135040283203125000e+02
3.166259765625000000e+02
3.200500488281250000e+02
3.231719970703125000e+02
3.265960693359375000e+02
3.297180175781250000e+02
3.330413818359375000e+02
3.361633300781250000e+02
3.393859863281250000e+02
3.426086425781250000e+02
3.459320068359375000e+02
3.491546630859375000e+02
3.524780273437500000e+02
3.557006835937500000e+02
3.590240478515625000e+02
3.620452880859375000e+02
3.654693603515625000e+02
3.685913085937500000e+02
3.719146728515625000e+02
3.751373291015625000e+02
3.784606933593750000e+02
3.815826416015625000e+02
3.850067138671875000e+02
3.880279541015625000e+02
3.914520263671875000e+02
3.945739746093750000e+02
3.979980468750000000e+02
4.011199951171875000e+02
4.044433593750000000e+02
4.075653076171875000e+02
4.109893798828125000e+02
4.125000000000000000e+02
4.155212402343750000e+02
4.186431884765625000e+02
4.219665527343750000e+02
4.251892089843750000e+02
4.285125732421875000e+02
4.317352294921875000e+02
4.350585937500000000e+02
4.380798339843750000e+02
4.415039062500000000e+02
4.446258544921875000e+02
4.480499267578125000e+02
4.515747070312500000e+02
4.544952392578125000e+02
4.576171875000000000e+02
4.610412597656250000e+02
4.640625000000000000e+02
4.674865722656250000e+02
4.706085205078125000e+02
4.739318847656250000e+02
4.771545410156250000e+02
4.804779052734375000e+02
4.837005615234375000e+02
4.870239257812500000e+02
4.901458740234375000e+02
4.934692382812500000e+02
4.965911865234375000e+02
4.999145507812500000e+02
5.031372070312500000e+02
5.064605712890625000e+02
5.095825195312500000e+02
5.130065917968750000e+02
5.159271240234375000e+02
5.191497802734375000e+02
5.222717285156250000e+02
5.256958007812500000e+02
5.288177490234375000e+02
5.322418212890625000e+02
5.353637695312500000e+02
5.386871337890625000e+02
5.418090820312500000e+02
5.451324462890625000e+02
5.482543945312500000e+02
5.516784667968750000e+02
5.548004150390625000e+02
5.582244873046875000e+02
5.613464355468750000e+02
5.647705078125000000e+02
5.676910400390625000e+02
5.710144042968750000e+02
5.742370605468750000e+02
5.775604248046875000e+02
5.807830810546875000e+02
5.841064453125000000e+02
5.872283935546875000e+02
5.906524658203125000e+02
5.936737060546875000e+02
5.970977783203125000e+02
6.002197265625000000e+02
6.035430908203125000e+02
6.066650390625000000e+02
6.100891113281250000e+02
6.132110595703125000e+02
6.166351318359375000e+02
6.193542480468750000e+02
6.226776123046875000e+02
6.257995605468750000e+02
6.291229248046875000e+02
6.322448730468750000e+02
6.356689453125000000e+02
6.387908935546875000e+02
6.422149658203125000e+02
6.452362060546875000e+02
6.486602783203125000e+02
6.517822265625000000e+02
6.551055908203125000e+02
6.583282470703125000e+02
6.616516113281250000e+02
6.647735595703125000e+02
6.681976318359375000e+02
6.712188720703125000e+02
6.747436523437500000e+02
6.780670166015625000e+02
6.810882568359375000e+02
6.842102050781250000e+02
6.875335693359375000e+02
6.907562255859375000e+02
6.940795898437500000e+02
6.971008300781250000e+02
7.005249023437500000e+02
7.036468505859375000e+02
7.070709228515625000e+02
7.101928710937500000e+02
7.136169433593750000e+02
7.167388916015625000e+02
7.200622558593750000e+02
7.228820800781250000e+02
7.262054443359375000e+02
7.293273925781250000e+02
7.327514648437500000e+02
7.358734130859375000e+02
7.392974853515625000e+02
7.424194335937500000e+02
7.458435058593750000e+02
7.488647460937500000e+02
7.521881103515625000e+02
7.553100585937500000e+02
7.587341308593750000e+02
7.618560791015625000e+02
7.652801513671875000e+02
7.684020996093750000e+02
7.718261718750000000e+02
7.748474121093750000e+02
7.781707763671875000e+02
7.812927246093750000e+02
7.847167968750000000e+02
7.879394531250000000e+02
7.912628173828125000e+02
7.943847656250000000e+02
7.977081298828125000e+02
8.007293701171875000e+02
8.041534423828125000e+02
8.072753906250000000e+02
8.106994628906250000e+02
8.138214111328125000e+02
8.172454833984375000e+02
8.203674316406250000e+02
8.236907958984375000e+02
8.252014160156250000e+02
8.281219482421875000e+02
8.312438964843750000e+02
8.346679687500000000e+02
8.377899169921875000e+02
8.412139892578125000e+02
8.443359375000000000e+02
8.476593017578125000e+02
8.507812500000000000e+02
8.541046142578125000e+02
8.572265625000000000e+02
8.606506347656250000e+02
8.637725830078125000e+02
8.671966552734375000e+02
8.703186035156250000e+02
8.736419677734375000e+02
8.766632080078125000e+02
8.800872802734375000e+02
8.832092285156250000e+02
8.865325927734375000e+02
8.897552490234375000e+02
8.931793212890625000e+02
8.963012695312500000e+02
8.997253417968750000e+02
9.027465820312500000e+02
9.057678222656250000e+02
9.089904785156250000e+02
9.125152587890625000e+02
9.156372070312500000e+02
9.190612792968750000e+02
9.221832275390625000e+02
9.256072998046875000e+02
9.284271240234375000e+02
9.317504882812500000e+02
9.348724365234375000e+02
9.382965087890625000e+02
9.414184570312500000e+02
9.448425292968750000e+02
9.480651855468750000e+02
9.513885498046875000e+02
9.543090820312500000e+02
9.577331542968750000e+02
9.608551025390625000e+02
9.642791748046875000e+02
9.674011230468750000e+02
9.708251953125000000e+02
9.738464355468750000e+02
9.772705078125000000e+02
9.802917480468750000e+02
9.837158203125000000e+02
9.868377685546875000e+02
9.902618408203125000e+02
9.933837890625000000e+02
9.967071533203125000e+02
9.998291015625000000e+02
1.003253173828125000e+03
1.006274414062500000e+03
1.009698486328125000e+03
1.012719726562500000e+03
1.016143798828125000e+03
1.019265747070312500e+03
1.022689819335937500e+03
1.025811767578125000e+03
1.029235839843750000e+03
1.031954956054687500e+03
1.035278320312500000e+03
1.038299560546875000e+03
1.041723632812500000e+03
1.044845581054687500e+03
1.048269653320312500e+03
1.051290893554687500e+03
1.054714965820312500e+03
1.057736206054687500e+03
1.061160278320312500e+03
1.064282226562500000e+03
1.067706298828125000e+03
1.070828247070312500e+03
1.074252319335937500e+03
1.077374267578125000e+03
1.080798339843750000e+03
1.083618164062500000e+03
1.087042236328125000e+03
1.090164184570312500e+03
1.093588256835937500e+03
1.096710205078125000e+03
1.100234985351562500e+03
1.103256225585937500e+03
1.106781005859375000e+03
1.109701538085937500e+03
1.113125610351562500e+03
1.116247558593750000e+03
1.119671630859375000e+03
1.122793579101562500e+03
1.126217651367187500e+03
1.129339599609375000e+03
1.132461547851562500e+03
1.135281372070312500e+03
1.138705444335937500e+03
1.141827392578125000e+03
1.145352172851562500e+03
1.148373413085937500e+03
1.151797485351562500e+03
1.154919433593750000e+03
1.158343505859375000e+03
1.161364746093750000e+03
1.164688110351562500e+03
1.167810058593750000e+03
1.171234130859375000e+03
1.174356079101562500e+03
1.177780151367187500e+03
1.180902099609375000e+03
1.184225463867187500e+03
1.187246704101562500e+03
1.190570068359375000e+03
1.193792724609375000e+03
1.197015380859375000e+03
1.200137329101562500e+03
1.203762817382812500e+03
1.206784057617187500e+03
1.210208129882812500e+03
1.213229370117187500e+03
1.216552734375000000e+03
1.219674682617187500e+03
1.223098754882812500e+03
1.226220703125000000e+03
1.229644775390625000e+03
1.232766723632812500e+03
1.236090087890625000e+03
1.237701416015625000e+03
1.240722656250000000e+03
1.243844604492187500e+03
1.247167968750000000e+03
1.250289916992187500e+03
1.253613281250000000e+03
1.256835937500000000e+03
1.260260009765625000e+03
1.263281250000000000e+03
1.266604614257812500e+03
1.269726562500000000e+03
1.273150634765625000e+03
1.276272583007812500e+03
1.279696655273437500e+03
1.282818603515625000e+03
1.286242675781250000e+03
1.289163208007812500e+03
1.292587280273437500e+03
1.295709228515625000e+03
1.299133300781250000e+03
1.302154541015625000e+03
1.305679321289062500e+03
1.308801269531250000e+03
1.312124633789062500e+03
1.315145874023437500e+03
1.318569946289062500e+03
1.321591186523437500e+03
1.325317382812500000e+03
1.328137207031250000e+03
1.331561279296875000e+03
1.334683227539062500e+03
1.338107299804687500e+03
1.340927124023437500e+03
1.344250488281250000e+03
1.347372436523437500e+03
1.350796508789062500e+03
1.353918457031250000e+03
1.357241821289062500e+03
1.360363769531250000e+03
1.363787841796875000e+03
1.366809082031250000e+03
1.370132446289062500e+03
1.373254394531250000e+03
1.376678466796875000e+03
1.379800415039062500e+03
1.383224487304687500e+03
1.386346435546875000e+03
1.389770507812500000e+03
1.392791748046875000e+03
1.396215820312500000e+03
1.399337768554687500e+03
1.402661132812500000e+03
1.405783081054687500e+03
1.409207153320312500e+03
1.412329101562500000e+03
1.415753173828125000e+03
1.418774414062500000e+03
1.422299194335937500e+03
1.425219726562500000e+03
1.428643798828125000e+03
1.431765747070312500e+03
1.435189819335937500e+03
1.438311767578125000e+03
1.441735839843750000e+03
1.444454956054687500e+03
1.447778320312500000e+03
1.450900268554687500e+03
1.454324340820312500e+03
1.457345581054687500e+03
1.460769653320312500e+03
1.463891601562500000e+03
1.467315673828125000e+03
1.470336914062500000e+03
1.473760986328125000e+03
1.476782226562500000e+03
1.480206298828125000e+03
1.483328247070312500e+03
1.486752319335937500e+03
1.489874267578125000e+03
1.493298339843750000e+03
1.496218872070312500e+03
1.499642944335937500e+03
1.502764892578125000e+03
1.506188964843750000e+03
1.509210205078125000e+03
1.512734985351562500e+03
1.515756225585937500e+03
1.519180297851562500e+03
1.522201538085937500e+03
1.525625610351562500e+03
1.528646850585937500e+03
1.532171630859375000e+03
1.535192871093750000e+03
1.538717651367187500e+03
1.541738891601562500e+03
1.545263671875000000e+03
1.547982788085937500e+03
1.551406860351562500e+03
1.554428100585937500e+03
1.557852172851562500e+03
1.560974121093750000e+03
1.564398193359375000e+03
1.567520141601562500e+03
1.570944213867187500e+03
1.573965454101562500e+03
1.577389526367187500e+03
1.580511474609375000e+03
1.583834838867187500e+03
1.586956787109375000e+03
1.590380859375000000e+03
1.593402099609375000e+03
1.596826171875000000e+03
1.599847412109375000e+03
1.603271484375000000e+03
1.606292724609375000e+03
1.609716796875000000e+03
1.612838745117187500e+03
1.616363525390625000e+03
1.619384765625000000e+03
1.622808837890625000e+03
1.625830078125000000e+03
1.629254150390625000e+03
1.632275390625000000e+03
1.635800170898437500e+03
1.638821411132812500e+03
1.642245483398437500e+03
1.645367431640625000e+03
1.648791503906250000e+03
1.648590087890625000e+03
1.651208496093750000e+03
1.654229736328125000e+03
1.657754516601562500e+03
1.660775756835937500e+03
1.664199829101562500e+03
1.667321777343750000e+03
1.670745849609375000e+03
1.673767089843750000e+03
1.677191162109375000e+03
1.680212402343750000e+03
1.683636474609375000e+03
1.686758422851562500e+03
1.690182495117187500e+03
1.693203735351562500e+03
1.696627807617187500e+03
1.699649047851562500e+03
1.703073120117187500e+03
1.706094360351562500e+03
1.709518432617187500e+03
1.712640380859375000e+03
1.716064453125000000e+03
1.718984985351562500e+03
1.722509765625000000e+03
1.725531005859375000e+03
1.728955078125000000e+03
1.732077026367187500e+03
1.735400390625000000e+03
1.738522338867187500e+03
1.742047119140625000e+03
1.745068359375000000e+03
1.748492431640625000e+03
1.751211547851562500e+03
1.754635620117187500e+03
1.757656860351562500e+03
1.761181640625000000e+03
1.764202880859375000e+03
1.767626953125000000e+03
1.770748901367187500e+03
1.774172973632812500e+03
1.777194213867187500e+03
1.780618286132812500e+03
1.783639526367187500e+03
1.787063598632812500e+03
1.790185546875000000e+03
1.793609619140625000e+03
1.796630859375000000e+03
1.800155639648437500e+03
1.803076171875000000e+03
1.806600952148437500e+03
1.809622192382812500e+03
1.813046264648437500e+03
1.816067504882812500e+03
1.819491577148437500e+03
1.822412109375000000e+03
1.826037597656250000e+03
1.828958129882812500e+03
1.832382202148437500e+03
1.835504150390625000e+03
1.838928222656250000e+03
1.841949462890625000e+03
1.845474243164062500e+03
1.848495483398437500e+03
1.852020263671875000e+03
1.854638671875000000e+03
1.857962036132812500e+03
1.861083984375000000e+03
1.864508056640625000e+03
1.867529296875000000e+03
1.870953369140625000e+03
1.874075317382812500e+03
1.877398681640625000e+03
1.880419921875000000e+03
1.883843994140625000e+03
1.886965942382812500e+03
1.890390014648437500e+03
1.893411254882812500e+03
1.897036743164062500e+03
1.899957275390625000e+03
1.903381347656250000e+03
1.906402587890625000e+03
1.909826660156250000e+03
1.912847900390625000e+03
1.916372680664062500e+03
1.919393920898437500e+03
1.922817993164062500e+03
1.925939941406250000e+03
1.929364013671875000e+03
1.932284545898437500e+03
1.935809326171875000e+03
1.938830566406250000e+03
1.942254638671875000e+03
1.945074462890625000e+03
1.948699951171875000e+03
1.951821899414062500e+03
1.955245971679687500e+03
1.958065795898437500e+03
1.961489868164062500e+03
1.964511108398437500e+03
1.967935180664062500e+03
1.970956420898437500e+03
1.974380493164062500e+03
1.977401733398437500e+03
1.980926513671875000e+03
1.983947753906250000e+03
1.987472534179687500e+03
1.990292358398437500e+03
1.993817138671875000e+03
1.996838378906250000e+03
2.000363159179687500e+03
2.003384399414062500e+03
2.006909179687500000e+03
2.009829711914062500e+03
2.013253784179687500e+03
2.016275024414062500e+03
2.019799804687500000e+03
2.022821044921875000e+03
2.026345825195312500e+03
2.029367065429687500e+03
2.032891845703125000e+03
2.035711669921875000e+03
2.039135742187500000e+03
2.042257690429687500e+03
2.045681762695312500e+03
2.048602294921875000e+03
2.052227783203125000e+03
2.055249023437500000e+03
2.058773803710937500e+03
2.060183715820312500e+03
2.063305664062500000e+03
2.066326904296875000e+03
2.069750976562500000e+03
2.072772216796875000e+03
2.076296997070312500e+03
2.079217529296875000e+03
2.082843017578125000e+03
2.085763549804687500e+03
2.089187622070312500e+03
2.092208862304687500e+03
2.095733642578125000e+03
2.098754882812500000e+03
2.102078247070312500e+03
2.105200195312500000e+03
2.108724975585937500e+03
2.111645507812500000e+03
2.115170288085937500e+03
2.118090820312500000e+03
2.121615600585937500e+03
2.124636840820312500e+03
2.128161621093750000e+03
2.131182861328125000e+03
2.134707641601562500e+03
2.137628173828125000e+03
2.141052246093750000e+03
2.144073486328125000e+03
2.147497558593750000e+03
2.150518798828125000e+03
2.154144287109375000e+03
2.157064819335937500e+03
2.160589599609375000e+03
2.163409423828125000e+03
2.167135620117187500e+03
2.169754028320312500e+03
2.173178100585937500e+03
2.176098632812500000e+03
2.179623413085937500e+03
2.182644653320312500e+03
2.186169433593750000e+03
2.189089965820312500e+03
2.192514038085937500e+03
2.195535278320312500e+03
2.199060058593750000e+03
2.202081298828125000e+03
2.205606079101562500e+03
2.208627319335937500e+03
2.212152099609375000e+03
2.215072631835937500e+03
2.218496704101562500e+03
2.221517944335937500e+03
2.225042724609375000e+03
2.228063964843750000e+03
2.231588745117187500e+03
2.234609985351562500e+03
2.238034057617187500e+03
2.241055297851562500e+03
2.244479370117187500e+03
2.247500610351562500e+03
2.251025390625000000e+03
2.254046630859375000e+03
2.257571411132812500e+03
2.260491943359375000e+03
2.264016723632812500e+03
2.266635131835937500e+03
2.270059204101562500e+03
2.273080444335937500e+03
2.276605224609375000e+03
2.279525756835937500e+03
2.283050537109375000e+03
2.286071777343750000e+03
2.289596557617187500e+03
2.292517089843750000e+03
2.296041870117187500e+03
2.298962402343750000e+03
2.302487182617187500e+03
2.305407714843750000e+03
2.308932495117187500e+03
2.311953735351562500e+03
2.315478515625000000e+03
2.318399047851562500e+03
2.321823120117187500e+03
2.324844360351562500e+03
2.328469848632812500e+03
2.331390380859375000e+03
2.334814453125000000e+03
2.337835693359375000e+03
2.341360473632812500e+03
2.344281005859375000e+03
2.347805786132812500e+03
2.350726318359375000e+03
2.354251098632812500e+03
2.357272338867187500e+03
2.360797119140625000e+03
2.363818359375000000e+03
2.367343139648437500e+03
2.370062255859375000e+03
2.373486328125000000e+03
2.376507568359375000e+03
2.380032348632812500e+03
2.383053588867187500e+03
2.386578369140625000e+03
2.389599609375000000e+03
2.393426513671875000e+03
2.395944213867187500e+03
2.399368286132812500e+03
2.402389526367187500e+03
2.405914306640625000e+03
2.408935546875000000e+03
2.412561035156250000e+03
2.415481567382812500e+03
2.419006347656250000e+03
2.421926879882812500e+03
2.425451660156250000e+03
2.428372192382812500e+03
2.431896972656250000e+03
2.434817504882812500e+03
2.438442993164062500e+03
2.441363525390625000e+03
2.444888305664062500e+03
2.447808837890625000e+03
2.451333618164062500e+03
2.454354858398437500e+03
2.457879638671875000e+03
2.460800170898437500e+03
2.464324951171875000e+03
2.467346191406250000e+03
2.470870971679687500e+03
2.472280883789062500e+03
2.475402832031250000e+03
2.478323364257812500e+03
2.481848144531250000e+03
2.484869384765625000e+03
2.488394165039062500e+03
2.491314697265625000e+03
2.494839477539062500e+03
2.497760009765625000e+03
2.501184082031250000e+03
2.504205322265625000e+03
2.507730102539062500e+03
2.510650634765625000e+03
2.514276123046875000e+03
2.517297363281250000e+03
2.520822143554687500e+03
2.523641967773437500e+03
2.527166748046875000e+03
2.530187988281250000e+03
2.533712768554687500e+03
2.536633300781250000e+03
2.540158081054687500e+03
2.543179321289062500e+03
2.546704101562500000e+03
2.549624633789062500e+03
2.553149414062500000e+03
2.556170654296875000e+03
2.559594726562500000e+03
2.562615966796875000e+03
2.566140747070312500e+03
2.569161987304687500e+03
2.572686767578125000e+03
2.575405883789062500e+03
2.578930664062500000e+03
2.581851196289062500e+03
2.585375976562500000e+03
2.588296508789062500e+03
2.591821289062500000e+03
2.594741821289062500e+03
2.598367309570312500e+03
2.601187133789062500e+03
2.604812622070312500e+03
2.607733154296875000e+03
2.611358642578125000e+03
2.614279174804687500e+03
2.617904663085937500e+03
2.620220947265625000e+03
2.624047851562500000e+03
2.627069091796875000e+03
2.630694580078125000e+03
2.633615112304687500e+03
2.637139892578125000e+03
2.640060424804687500e+03
2.643685913085937500e+03
2.646707153320312500e+03
2.650231933593750000e+03
2.653051757812500000e+03
2.656576538085937500e+03
2.659597778320312500e+03
2.663122558593750000e+03
2.666143798828125000e+03
2.669668579101562500e+03
2.672689819335937500e+03
2.676214599609375000e+03
2.678732299804687500e+03
2.682257080078125000e+03
2.685177612304687500e+03
2.688702392578125000e+03
2.691723632812500000e+03
2.695349121093750000e+03
2.698269653320312500e+03
2.701794433593750000e+03
2.704714965820312500e+03
2.708239746093750000e+03
2.711160278320312500e+03
2.714785766601562500e+03
2.717605590820312500e+03
2.721231079101562500e+03
2.724151611328125000e+03
2.727877807617187500e+03
2.730596923828125000e+03
2.734121704101562500e+03
2.737042236328125000e+03
2.740667724609375000e+03
2.743588256835937500e+03
2.747113037109375000e+03
2.750134277343750000e+03
2.753659057617187500e+03
2.756478881835937500e+03
2.760104370117187500e+03
2.763024902343750000e+03
2.766549682617187500e+03
2.769570922851562500e+03
2.773196411132812500e+03
2.776016235351562500e+03
2.779641723632812500e+03
2.782360839843750000e+03
2.785784912109375000e+03
2.788806152343750000e+03
2.792431640625000000e+03
2.795352172851562500e+03
2.798876953125000000e+03
2.801797485351562500e+03
2.805322265625000000e+03
2.808142089843750000e+03
2.811767578125000000e+03
2.814587402343750000e+03
2.818313598632812500e+03
2.821133422851562500e+03
2.824758911132812500e+03
2.827679443359375000e+03
2.831405639648437500e+03
2.834225463867187500e+03
2.837750244140625000e+03
2.840670776367187500e+03
2.844396972656250000e+03
2.846612548828125000e+03
2.850540161132812500e+03
2.853662109375000000e+03
2.857287597656250000e+03
2.860107421875000000e+03
2.863732910156250000e+03
2.866653442382812500e+03
2.870278930664062500e+03
2.873199462890625000e+03
2.876824951171875000e+03
2.879745483398437500e+03
2.883370971679687500e+03
2.884680175781250000e+03
2.887902832031250000e+03
2.890823364257812500e+03
2.894348144531250000e+03
2.897268676757812500e+03
2.900894165039062500e+03
2.903814697265625000e+03
2.907440185546875000e+03
2.910260009765625000e+03
2.913784790039062500e+03
2.916705322265625000e+03
2.920330810546875000e+03
2.923150634765625000e+03
2.926776123046875000e+03
2.929696655273437500e+03
2.933422851562500000e+03
2.936242675781250000e+03
2.939767456054687500e+03
2.942687988281250000e+03
2.946313476562500000e+03
2.949133300781250000e+03
2.952859497070312500e+03
2.955780029296875000e+03
2.959405517578125000e+03
2.962124633789062500e+03
2.965649414062500000e+03
2.968569946289062500e+03
2.972195434570312500e+03
2.975115966796875000e+03
2.978640747070312500e+03
2.981661987304687500e+03
2.985287475585937500e+03
2.987905883789062500e+03
2.991430664062500000e+03
2.994351196289062500e+03
2.997976684570312500e+03
3.000796508789062500e+03
3.004421997070312500e+03
3.007342529296875000e+03
3.010968017578125000e+03
3.013787841796875000e+03
3.017413330078125000e+03
3.020233154296875000e+03
3.023959350585937500e+03
3.026879882812500000e+03
3.030404663085937500e+03
3.033325195312500000e+03
3.036950683593750000e+03
3.039770507812500000e+03
3.043395996093750000e+03
3.046215820312500000e+03
3.049942016601562500e+03
3.052761840820312500e+03
3.056387329101562500e+03
3.059307861328125000e+03
3.062933349609375000e+03
3.065753173828125000e+03
3.069378662109375000e+03
3.072500610351562500e+03
3.075723266601562500e+03
3.078744506835937500e+03
3.082369995117187500e+03
3.085290527343750000e+03
3.088916015625000000e+03
3.091433715820312500e+03
3.095059204101562500e+03
3.097879028320312500e+03
3.101504516601562500e+03
3.104425048828125000e+03
3.108050537109375000e+03
3.110870361328125000e+03
3.114596557617187500e+03
3.117315673828125000e+03
3.120941162109375000e+03
3.123760986328125000e+03
3.127487182617187500e+03
3.130307006835937500e+03
3.133932495117187500e+03
3.136853027343750000e+03
3.140478515625000000e+03
3.143298339843750000e+03
3.146923828125000000e+03
3.149743652343750000e+03
3.153469848632812500e+03
3.156289672851562500e+03
3.159915161132812500e+03
3.162835693359375000e+03
3.166461181640625000e+03
3.169281005859375000e+03
3.172906494140625000e+03
3.175726318359375000e+03
3.179351806640625000e+03
3.182272338867187500e+03
3.185897827148437500e+03
3.188818359375000000e+03
3.192443847656250000e+03
3.195162963867187500e+03
3.198687744140625000e+03
3.201507568359375000e+03
3.205133056640625000e+03
3.208053588867187500e+03
3.211679077148437500e+03
3.214498901367187500e+03
3.218225097656250000e+03
3.220944213867187500e+03
3.224569702148437500e+03
3.227490234375000000e+03
3.231115722656250000e+03
3.234036254882812500e+03
3.237661743164062500e+03
3.240582275390625000e+03
3.244207763671875000e+03
3.247027587890625000e+03
3.250653076171875000e+03
3.253472900390625000e+03
3.257098388671875000e+03
3.260018920898437500e+03
3.263644409179687500e+03
3.266564941406250000e+03
3.270190429687500000e+03
3.273010253906250000e+03
3.276635742187500000e+03
3.279455566406250000e+03
3.283181762695312500e+03
3.286001586914062500e+03
3.289727783203125000e+03
3.292547607421875000e+03
3.296273803710937500e+03
