-1.007080078125000000e-01
3.121948242187500000e+00
6.344604492187500000e+00
9.667968750000000000e+00
2.265930175781250000e+01
3.299899291992187500e+03
2.598266601562500000e+01
2.598266601562500000e+01
3.565063476562500000e+01
3.887329101562500000e+01
3.887329101562500000e+01
3.897399902343750000e+01
4.864196777343750000e+01
5.196533203125000000e+01
5.196533203125000000e+01
5.196533203125000000e+01
6.163330078125000000e+01
6.485595703125000000e+01
6.485595703125000000e+01
6.495666503906250000e+01
7.140197753906250000e+01
7.472534179687500000e+01
7.794799804687500000e+01
7.794799804687500000e+01
8.439331054687500000e+01
8.771667480468750000e+01
9.083862304687500000e+01
9.093933105468750000e+01
9.738464355468750000e+01
1.007080078125000000e+02
1.039306640625000000e+02
1.039306640625000000e+02
1.100738525390625000e+02
1.132965087890625000e+02
1.166198730468750000e+02
1.166198730468750000e+02
1.231658935546875000e+02
1.264892578125000000e+02
1.296112060546875000e+02
1.297119140625000000e+02
1.360565185546875000e+02
1.393798828125000000e+02
1.426025390625000000e+02
1.426025390625000000e+02
1.491485595703125000e+02
1.524719238281250000e+02
1.555938720703125000e+02
1.556945800781250000e+02
1.620391845703125000e+02
1.653625488281250000e+02
1.685852050781250000e+02
1.686859130859375000e+02
1.751312255859375000e+02
1.784545898437500000e+02
1.815765380859375000e+02
1.816772460937500000e+02
1.847991943359375000e+02
1.880218505859375000e+02
1.913452148437500000e+02
1.945678710937500000e+02
1.977905273437500000e+02
2.011138916015625000e+02
2.043365478515625000e+02
2.076599121093750000e+02
2.136016845703125000e+02
2.170257568359375000e+02
2.201477050781250000e+02
2.202484130859375000e+02
2.235717773437500000e+02
2.263916015625000000e+02
2.300170898437500000e+02
2.332397460937500000e+02
2.363616943359375000e+02
2.396850585937500000e+02
2.429077148437500000e+02
2.462310791015625000e+02
2.494537353515625000e+02
2.526763916015625000e+02
2.559997558593750000e+02
2.592224121093750000e+02
2.623443603515625000e+02
2.656677246093750000e+02
2.688903808593750000e+02
2.721130371093750000e+02
2.754364013671875000e+02
2.786590576171875000e+02
2.819824218750000000e+02
2.852050781250000000e+02
2.883270263671875000e+02
2.916503906250000000e+02
2.948730468750000000e+02
2.981964111328125000e+02
3.014190673828125000e+02
3.046417236328125000e+02
3.079650878906250000e+02
3.111877441406250000e+02
3.141082763671875000e+02
3.173309326171875000e+02
3.206542968750000000e+02
3.238769531250000000e+02
3.272003173828125000e+02
3.304229736328125000e+02
3.336456298828125000e+02
3.369689941406250000e+02
3.399902343750000000e+02
3.433135986328125000e+02
3.466369628906250000e+02
3.498596191406250000e+02
3.498596191406250000e+02
3.531829833984375000e+02
3.563049316406250000e+02
3.597290039062500000e+02
3.627502441406250000e+02
3.660736083984375000e+02
3.691955566406250000e+02
3.726196289062500000e+02
3.758422851562500000e+02
3.791656494140625000e+02
3.822875976562500000e+02
3.857116699218750000e+02
3.887329101562500000e+02
3.920562744140625000e+02
3.952789306640625000e+02
3.986022949218750000e+02
4.017242431640625000e+02
4.050476074218750000e+02
4.082702636718750000e+02
4.115936279296875000e+02
4.193481445312500000e+02
4.226715087890625000e+02
4.257934570312500000e+02
4.258941650390625000e+02
4.323394775390625000e+02
4.357635498046875000e+02
4.388854980468750000e+02
4.389862060546875000e+02
4.453308105468750000e+02
4.487548828125000000e+02
4.516754150390625000e+02
4.516754150390625000e+02
4.583221435546875000e+02
4.617462158203125000e+02
4.648681640625000000e+02
4.649688720703125000e+02
4.712127685546875000e+02
4.747375488281250000e+02
4.778594970703125000e+02
4.778594970703125000e+02
4.810821533203125000e+02
4.844055175781250000e+02
4.876281738281250000e+02
4.909515380859375000e+02
4.940734863281250000e+02
4.972961425781250000e+02
5.005187988281250000e+02
5.038421630859375000e+02
5.070648193359375000e+02
5.103881835937500000e+02
5.136108398437500000e+02
5.168334960937500000e+02
5.197540283203125000e+02
5.230773925781250000e+02
5.263000488281250000e+02
5.295227050781250000e+02
5.327453613281250000e+02
5.360687255859375000e+02
5.392913818359375000e+02
5.426147460937500000e+02
5.457366943359375000e+02
5.490600585937500000e+02
5.522827148437500000e+02
5.555053710937500000e+02
5.588287353515625000e+02
5.620513916015625000e+02
5.651733398437500000e+02
5.684967041015625000e+02
5.716186523437500000e+02
5.749420166015625000e+02
5.781646728515625000e+02
5.814880371093750000e+02
5.847106933593750000e+02
5.880340576171875000e+02
5.912567138671875000e+02
5.944793701171875000e+02
5.976013183593750000e+02
6.009246826171875000e+02
6.041473388671875000e+02
6.074707031250000000e+02
6.073699951171875000e+02
6.106933593750000000e+02
6.139160156250000000e+02
6.172393798828125000e+02
6.231811523437500000e+02
6.265045166015625000e+02
6.297271728515625000e+02
6.330505371093750000e+02
6.329498291015625000e+02
6.363739013671875000e+02
6.394958496093750000e+02
6.428192138671875000e+02
6.459411621093750000e+02
6.492645263671875000e+02
6.524871826171875000e+02
6.557098388671875000e+02
6.589324951171875000e+02
6.623565673828125000e+02
6.654785156250000000e+02
6.689025878906250000e+02
6.719238281250000000e+02
6.754486083984375000e+02
6.778656005859375000e+02
6.816925048828125000e+02
6.848144531250000000e+02
6.882385253906250000e+02
6.913604736328125000e+02
6.947845458984375000e+02
6.978057861328125000e+02
7.011291503906250000e+02
7.043518066406250000e+02
7.077758789062500000e+02
7.108978271484375000e+02
7.142211914062500000e+02
7.173431396484375000e+02
7.207672119140625000e+02
7.234863281250000000e+02
7.269104003906250000e+02
7.300323486328125000e+02
7.334564208984375000e+02
7.365783691406250000e+02
7.399017333984375000e+02
7.431243896484375000e+02
7.464477539062500000e+02
7.494689941406250000e+02
7.528930664062500000e+02
7.560150146484375000e+02
7.594390869140625000e+02
7.625610351562500000e+02
7.626617431640625000e+02
7.658843994140625000e+02
7.692077636718750000e+02
7.755523681640625000e+02
7.755523681640625000e+02
7.787750244140625000e+02
7.820983886718750000e+02
7.885437011718750000e+02
7.886444091796875000e+02
7.917663574218750000e+02
7.951904296875000000e+02
8.015350341796875000e+02
8.015350341796875000e+02
8.047576904296875000e+02
8.080810546875000000e+02
8.144256591796875000e+02
8.146270751953125000e+02
8.178497314453125000e+02
8.210723876953125000e+02
8.287261962890625000e+02
8.320495605468750000e+02
8.352722167968750000e+02
8.385955810546875000e+02
8.417175292968750000e+02
8.451416015625000000e+02
8.482635498046875000e+02
8.515869140625000000e+02
8.547088623046875000e+02
8.580322265625000000e+02
8.612548828125000000e+02
8.644775390625000000e+02
8.677001953125000000e+02
8.710235595703125000e+02
8.741455078125000000e+02
8.775695800781250000e+02
8.805908203125000000e+02
8.840148925781250000e+02
8.871368408203125000e+02
8.904602050781250000e+02
8.937835693359375000e+02
8.970062255859375000e+02
9.004302978515625000e+02
9.040557861328125000e+02
9.065734863281250000e+02
9.098968505859375000e+02
9.131195068359375000e+02
9.164428710937500000e+02
9.163421630859375000e+02
9.196655273437500000e+02
9.228881835937500000e+02
9.262115478515625000e+02
9.322540283203125000e+02
9.356781005859375000e+02
9.388000488281250000e+02
9.422241210937500000e+02
9.421234130859375000e+02
9.454467773437500000e+02
9.486694335937500000e+02
9.519927978515625000e+02
9.550140380859375000e+02
9.584381103515625000e+02
9.615600585937500000e+02
9.649841308593750000e+02
9.681060791015625000e+02
9.716308593750000000e+02
9.745513916015625000e+02
9.779754638671875000e+02
9.808959960937500000e+02
9.843200683593750000e+02
9.874420166015625000e+02
9.908660888671875000e+02
9.939880371093750000e+02
9.974121093750000000e+02
1.000534057617187500e+03
1.003958129882812500e+03
1.006878662109375000e+03
1.010302734375000000e+03
1.013424682617187500e+03
1.016848754882812500e+03
1.019970703125000000e+03
1.023294067382812500e+03
1.026416015625000000e+03
1.029840087890625000e+03
1.032458496093750000e+03
1.035882568359375000e+03
1.039004516601562500e+03
1.042428588867187500e+03
1.045449829101562500e+03
1.048974609375000000e+03
1.051995849609375000e+03
1.055520629882812500e+03
1.058441162109375000e+03
1.061865234375000000e+03
1.064987182617187500e+03
1.068411254882812500e+03
1.071533203125000000e+03
1.074856567382812500e+03
1.077978515625000000e+03
1.081402587890625000e+03
1.084423828125000000e+03
1.087747192382812500e+03
1.090869140625000000e+03
1.094293212890625000e+03
1.097415161132812500e+03
1.097515869140625000e+03
1.100738525390625000e+03
1.104061889648437500e+03
1.110507202148437500e+03
1.110507202148437500e+03
1.113629150390625000e+03
1.117053222656250000e+03
1.123498535156250000e+03
1.123599243164062500e+03
1.126721191406250000e+03
1.129641723632812500e+03
1.136389160156250000e+03
1.136187744140625000e+03
1.139309692382812500e+03
1.142633056640625000e+03
1.149078369140625000e+03
1.149279785156250000e+03
1.152401733398437500e+03
1.155725097656250000e+03
1.162069702148437500e+03
1.162170410156250000e+03
1.165292358398437500e+03
1.168615722656250000e+03
1.175061035156250000e+03
1.175161743164062500e+03
1.178283691406250000e+03
1.181707763671875000e+03
1.188052368164062500e+03
1.188153076171875000e+03
1.191174316406250000e+03
1.194598388671875000e+03
1.200942993164062500e+03
1.201043701171875000e+03
1.204266357421875000e+03
1.207589721679687500e+03
1.213934326171875000e+03
1.214035034179687500e+03
1.217156982421875000e+03
1.220581054687500000e+03
1.226925659179687500e+03
1.227127075195312500e+03
1.227026367187500000e+03
1.230349731445312500e+03
1.238003540039062500e+03
1.241427612304687500e+03
1.244549560546875000e+03
1.247973632812500000e+03
1.250994873046875000e+03
1.254418945312500000e+03
1.257540893554687500e+03
1.260964965820312500e+03
1.263986206054687500e+03
1.267410278320312500e+03
1.270532226562500000e+03
1.273956298828125000e+03
1.276977539062500000e+03
1.280401611328125000e+03
1.283523559570312500e+03
1.286947631835937500e+03
1.289868164062500000e+03
1.293292236328125000e+03
1.296414184570312500e+03
1.299838256835937500e+03
1.302859497070312500e+03
1.306384277343750000e+03
1.309506225585937500e+03
1.312829589843750000e+03
1.315750122070312500e+03
1.319274902343750000e+03
1.322296142578125000e+03
1.325820922851562500e+03
1.328842163085937500e+03
1.332266235351562500e+03
1.335388183593750000e+03
1.338812255859375000e+03
1.341632080078125000e+03
1.345056152343750000e+03
1.348077392578125000e+03
1.351702880859375000e+03
1.354724121093750000e+03
1.357946777343750000e+03
1.361068725585937500e+03
1.364492797851562500e+03
1.367514038085937500e+03
1.370938110351562500e+03
1.373959350585937500e+03
1.377484130859375000e+03
1.380505371093750000e+03
1.380706787109375000e+03
1.383828735351562500e+03
1.387252807617187500e+03
1.393496704101562500e+03
1.396920776367187500e+03
1.400042724609375000e+03
1.403466796875000000e+03
1.406488037109375000e+03
1.406588745117187500e+03
1.409811401367187500e+03
1.413235473632812500e+03
1.419580078125000000e+03
1.419580078125000000e+03
1.422802734375000000e+03
1.426126098632812500e+03
1.432470703125000000e+03
1.432672119140625000e+03
1.435794067382812500e+03
1.439218139648437500e+03
1.445562744140625000e+03
1.445260620117187500e+03
1.448382568359375000e+03
1.451806640625000000e+03
1.458050537109375000e+03
1.458251953125000000e+03
1.461373901367187500e+03
1.464797973632812500e+03
1.471142578125000000e+03
1.471243286132812500e+03
1.474365234375000000e+03
1.477688598632812500e+03
1.484033203125000000e+03
1.484234619140625000e+03
1.487356567382812500e+03
1.490780639648437500e+03
1.497024536132812500e+03
1.497024536132812500e+03
1.500146484375000000e+03
1.503671264648437500e+03
1.509915161132812500e+03
1.510116577148437500e+03
1.513238525390625000e+03
1.516662597656250000e+03
1.523007202148437500e+03
1.523107910156250000e+03
1.526229858398437500e+03
1.529553222656250000e+03
1.535897827148437500e+03
1.536099243164062500e+03
1.535998535156250000e+03
1.539422607421875000e+03
1.548989868164062500e+03
1.548889160156250000e+03
1.551809692382812500e+03
1.555334472656250000e+03
1.561578369140625000e+03
1.561880493164062500e+03
1.561679077148437500e+03
1.565203857421875000e+03
1.574670410156250000e+03
1.574972534179687500e+03
1.574670410156250000e+03
1.577893066406250000e+03
1.587561035156250000e+03
1.587762451171875000e+03
1.587561035156250000e+03
1.591085815429687500e+03
1.600653076171875000e+03
1.600854492187500000e+03
1.600552368164062500e+03
1.603976440429687500e+03
1.613543701171875000e+03
1.613745117187500000e+03
1.613543701171875000e+03
1.617068481445312500e+03
1.626535034179687500e+03
1.626837158203125000e+03
1.626535034179687500e+03
1.629959106445312500e+03
1.639526367187500000e+03
1.639727783203125000e+03
1.639526367187500000e+03
1.643051147460937500e+03
1.654833984375000000e+03
1.658358764648437500e+03
1.661380004882812500e+03
1.661581420898437500e+03
1.667926025390625000e+03
1.671450805664062500e+03
1.674371337890625000e+03
1.674572753906250000e+03
1.684039306640625000e+03
1.687463378906250000e+03
1.687362670898437500e+03
1.687463378906250000e+03
1.693807983398437500e+03
1.697332763671875000e+03
1.700354003906250000e+03
1.700555419921875000e+03
1.706597900390625000e+03
1.710223388671875000e+03
1.713244628906250000e+03
1.713446044921875000e+03
1.719589233398437500e+03
1.723114013671875000e+03
1.726135253906250000e+03
1.726336669921875000e+03
1.732580566406250000e+03
1.736105346679687500e+03
1.739126586914062500e+03
1.739328002929687500e+03
1.745672607421875000e+03
1.749096679687500000e+03
1.752218627929687500e+03
1.752420043945312500e+03
1.758261108398437500e+03
1.761886596679687500e+03
1.764807128906250000e+03
1.765008544921875000e+03
1.771353149414062500e+03
1.774877929687500000e+03
1.777798461914062500e+03
1.778100585937500000e+03
1.784243774414062500e+03
1.787768554687500000e+03
1.790789794921875000e+03
1.790890502929687500e+03
1.794012451171875000e+03
1.797537231445312500e+03
1.800558471679687500e+03
1.803982543945312500e+03
1.810125732421875000e+03
1.813650512695312500e+03
1.816671752929687500e+03
1.816873168945312500e+03
1.819894409179687500e+03
1.823419189453125000e+03
1.826440429687500000e+03
1.829864501953125000e+03
1.832885742187500000e+03
1.836309814453125000e+03
1.839431762695312500e+03
1.842855834960937500e+03
1.845877075195312500e+03
1.849301147460937500e+03
1.852423095703125000e+03
1.855847167968750000e+03
1.861688232421875000e+03
1.865112304687500000e+03
1.868133544921875000e+03
1.868334960937500000e+03
1.871456909179687500e+03
1.874981689453125000e+03
1.877902221679687500e+03
1.881326293945312500e+03
1.887570190429687500e+03
1.891094970703125000e+03
1.894116210937500000e+03
1.894317626953125000e+03
1.897439575195312500e+03
1.900762939453125000e+03
1.903884887695312500e+03
1.907308959960937500e+03
1.910229492187500000e+03
1.913653564453125000e+03
1.916775512695312500e+03
1.920199584960937500e+03
1.923220825195312500e+03
1.926745605468750000e+03
1.929867553710937500e+03
1.933190917968750000e+03
1.936212158203125000e+03
1.939636230468750000e+03
1.942858886718750000e+03
1.945980834960937500e+03
1.949102783203125000e+03
1.952627563476562500e+03
1.955749511718750000e+03
1.959173583984375000e+03
1.961892700195312500e+03
1.965316772460937500e+03
1.968338012695312500e+03
1.971862792968750000e+03
1.974783325195312500e+03
1.978308105468750000e+03
1.981430053710937500e+03
1.984854125976562500e+03
1.988076782226562500e+03
1.991198730468750000e+03
1.994320678710937500e+03
1.997744750976562500e+03
2.000765991210937500e+03
2.004190063476562500e+03
2.007312011718750000e+03
2.010736083984375000e+03
2.013757324218750000e+03
2.017181396484375000e+03
2.020202636718750000e+03
2.023626708984375000e+03
2.023425292968750000e+03
2.026950073242187500e+03
2.029870605468750000e+03
2.033395385742187500e+03
2.039639282226562500e+03
2.043063354492187500e+03
2.046185302734375000e+03
2.049508666992187500e+03
2.049307250976562500e+03
2.052832031250000000e+03
2.055853271484375000e+03
2.059378051757812500e+03
2.066931152343750000e+03
2.070455932617187500e+03
2.073477172851562500e+03
2.073678588867187500e+03
2.079922485351562500e+03
2.083447265625000000e+03
2.086468505859375000e+03
2.086669921875000000e+03
2.092813110351562500e+03
2.096438598632812500e+03
2.099459838867187500e+03
2.099761962890625000e+03
2.105804443359375000e+03
2.109429931640625000e+03
2.112350463867187500e+03
2.112652587890625000e+03
2.118695068359375000e+03
2.122320556640625000e+03
2.125241088867187500e+03
2.125442504882812500e+03
2.131787109375000000e+03
2.135311889648437500e+03
2.138232421875000000e+03
2.138534545898437500e+03
2.144677734375000000e+03
2.148202514648437500e+03
2.151223754882812500e+03
2.151425170898437500e+03
2.157669067382812500e+03
2.161193847656250000e+03
2.164215087890625000e+03
2.164517211914062500e+03
2.170559692382812500e+03
2.173782348632812500e+03
2.176702880859375000e+03
2.176904296875000000e+03
2.183248901367187500e+03
2.186874389648437500e+03
2.189794921875000000e+03
2.190097045898437500e+03
2.196139526367187500e+03
2.199664306640625000e+03
2.202786254882812500e+03
2.202987670898437500e+03
2.209231567382812500e+03
2.212857055664062500e+03
2.215676879882812500e+03
2.215979003906250000e+03
2.222122192382812500e+03
2.225747680664062500e+03
2.228668212890625000e+03
2.228970336914062500e+03
2.231890869140625000e+03
2.235415649414062500e+03
2.238537597656250000e+03
2.241961669921875000e+03
2.248104858398437500e+03
2.251629638671875000e+03
2.254650878906250000e+03
2.254852294921875000e+03
2.257873535156250000e+03
2.261398315429687500e+03
2.264419555664062500e+03
2.267944335937500000e+03
2.273785400390625000e+03
2.277310180664062500e+03
2.280230712890625000e+03
2.280432128906250000e+03
2.283453369140625000e+03
2.286978149414062500e+03
2.289999389648437500e+03
2.293423461914062500e+03
2.299566650390625000e+03
2.303192138671875000e+03
2.306011962890625000e+03
2.306314086914062500e+03
2.309335327148437500e+03
2.312759399414062500e+03
2.315881347656250000e+03
2.319406127929687500e+03
2.322326660156250000e+03
2.325650024414062500e+03
2.328771972656250000e+03
2.332196044921875000e+03
2.335217285156250000e+03
2.338742065429687500e+03
2.341763305664062500e+03
2.345288085937500000e+03
2.348208618164062500e+03
2.351632690429687500e+03
2.354653930664062500e+03
2.358178710937500000e+03
2.361300659179687500e+03
2.364724731445312500e+03
2.367846679687500000e+03
2.371270751953125000e+03
2.373889160156250000e+03
2.377413940429687500e+03
2.380435180664062500e+03
2.383959960937500000e+03
2.386981201171875000e+03
2.390505981445312500e+03
2.393527221679687500e+03
2.396246337890625000e+03
2.399670410156250000e+03
2.403195190429687500e+03
2.406317138671875000e+03
2.409741210937500000e+03
2.409539794921875000e+03
2.413064575195312500e+03
2.416085815429687500e+03
2.419610595703125000e+03
2.425753784179687500e+03
2.429278564453125000e+03
2.432299804687500000e+03
2.435723876953125000e+03
2.435522460937500000e+03
2.439047241210937500e+03
2.441967773437500000e+03
2.445593261718750000e+03
2.451736450195312500e+03
2.455160522460937500e+03
2.458282470703125000e+03
2.461706542968750000e+03
2.461404418945312500e+03
2.465029907226562500e+03
2.467950439453125000e+03
2.471475219726562500e+03
2.478927612304687500e+03
2.482553100585937500e+03
2.485473632812500000e+03
2.485775756835937500e+03
2.491918945312500000e+03
2.495544433593750000e+03
2.498464965820312500e+03
2.498767089843750000e+03
2.508132934570312500e+03
2.511557006835937500e+03
2.511254882812500000e+03
2.511557006835937500e+03
2.517901611328125000e+03
2.521426391601562500e+03
2.524346923828125000e+03
2.524649047851562500e+03
2.530792236328125000e+03
2.534317016601562500e+03
2.537237548828125000e+03
2.537539672851562500e+03
2.543783569335937500e+03
2.547409057617187500e+03
2.550329589843750000e+03
2.550631713867187500e+03
2.556674194335937500e+03
2.560299682617187500e+03
2.563220214843750000e+03
2.563522338867187500e+03
2.566543579101562500e+03
2.569967651367187500e+03
2.573089599609375000e+03
2.576614379882812500e+03
2.582455444335937500e+03
2.585980224609375000e+03
2.588800048828125000e+03
2.589202880859375000e+03
2.595346069335937500e+03
2.598971557617187500e+03
2.601992797851562500e+03
2.602194213867187500e+03
2.608337402343750000e+03
2.611962890625000000e+03
2.614883422851562500e+03
2.615185546875000000e+03
2.618206787109375000e+03
2.622033691406250000e+03
2.624450683593750000e+03
2.628076171875000000e+03
2.634219360351562500e+03
2.637744140625000000e+03
2.640765380859375000e+03
2.641067504882812500e+03
2.643988037109375000e+03
2.647512817382812500e+03
2.650534057617187500e+03
2.654058837890625000e+03
2.656979370117187500e+03
2.660504150390625000e+03
2.663525390625000000e+03
2.667050170898437500e+03
2.669970703125000000e+03
2.673495483398437500e+03
2.676617431640625000e+03
2.680041503906250000e+03
2.682559204101562500e+03
2.686083984375000000e+03
2.689105224609375000e+03
2.692630004882812500e+03
2.695651245117187500e+03
2.699176025390625000e+03
2.702096557617187500e+03
2.705621337890625000e+03
2.708541870117187500e+03
2.712066650390625000e+03
2.715188598632812500e+03
2.718612670898437500e+03
2.721533203125000000e+03
2.725158691406250000e+03
2.728079223632812500e+03
2.731604003906250000e+03
2.734725952148437500e+03
2.737948608398437500e+03
2.740969848632812500e+03
2.744494628906250000e+03
2.747415161132812500e+03
2.751040649414062500e+03
2.754061889648437500e+03
2.757485961914062500e+03
2.760406494140625000e+03
2.763931274414062500e+03
2.766952514648437500e+03
2.770477294921875000e+03
2.770275878906250000e+03
2.773800659179687500e+03
2.776721191406250000e+03
2.780346679687500000e+03
2.786187744140625000e+03
2.789712524414062500e+03
2.792633056640625000e+03
2.796258544921875000e+03
2.795956420898437500e+03
2.799481201171875000e+03
2.802401733398437500e+03
2.806027221679687500e+03
2.812069702148437500e+03
2.815594482421875000e+03
2.818615722656250000e+03
2.822140502929687500e+03
2.821838378906250000e+03
2.825363159179687500e+03
2.828384399414062500e+03
2.832009887695312500e+03
2.834829711914062500e+03
2.838354492187500000e+03
2.841375732421875000e+03
2.845001220703125000e+03
2.848022460937500000e+03
2.851345825195312500e+03
2.854367065429687500e+03
2.857992553710937500e+03
2.860812377929687500e+03
2.864437866210937500e+03
2.867358398437500000e+03
2.870883178710937500e+03
2.873803710937500000e+03
2.877429199218750000e+03
2.880349731445312500e+03
2.883975219726562500e+03
2.891427612304687500e+03
2.895053100585937500e+03
2.897973632812500000e+03
2.898275756835937500e+03
2.901196289062500000e+03
2.904721069335937500e+03
2.907742309570312500e+03
2.911267089843750000e+03
2.917410278320312500e+03
2.921035766601562500e+03
2.923855590820312500e+03
2.924258422851562500e+03
2.927078247070312500e+03
2.930703735351562500e+03
2.933724975585937500e+03
2.937249755859375000e+03
2.943292236328125000e+03
2.946917724609375000e+03
2.949838256835937500e+03
2.950140380859375000e+03
2.953060913085937500e+03
2.956686401367187500e+03
2.959707641601562500e+03
2.963031005859375000e+03
2.965951538085937500e+03
2.969577026367187500e+03
2.972497558593750000e+03
2.976022338867187500e+03
2.979043579101562500e+03
2.982669067382812500e+03
2.985589599609375000e+03
2.989215087890625000e+03
2.991833496093750000e+03
2.995358276367187500e+03
2.998379516601562500e+03
3.001803588867187500e+03
3.004824829101562500e+03
3.008349609375000000e+03
3.011370849609375000e+03
3.014895629882812500e+03
3.017614746093750000e+03
3.021240234375000000e+03
3.024261474609375000e+03
3.027786254882812500e+03
3.030706787109375000e+03
3.034332275390625000e+03
3.037353515625000000e+03
3.040878295898437500e+03
3.043698120117187500e+03
3.047222900390625000e+03
3.050244140625000000e+03
3.053768920898437500e+03
3.053466796875000000e+03
3.056991577148437500e+03
3.059912109375000000e+03
3.063537597656250000e+03
3.069680786132812500e+03
3.073507690429687500e+03
3.076025390625000000e+03
3.079751586914062500e+03
3.079449462890625000e+03
3.083074951171875000e+03
3.085995483398437500e+03
3.089620971679687500e+03
3.095260620117187500e+03
3.098886108398437500e+03
3.101806640625000000e+03
3.105432128906250000e+03
3.105130004882812500e+03
3.108654785156250000e+03
3.111575317382812500e+03
3.115200805664062500e+03
3.121243286132812500e+03
3.124768066406250000e+03
3.127789306640625000e+03
3.131314086914062500e+03
3.131011962890625000e+03
3.134536743164062500e+03
3.137457275390625000e+03
3.141183471679687500e+03
3.143902587890625000e+03
3.147528076171875000e+03
3.150448608398437500e+03
3.154074096679687500e+03
3.156893920898437500e+03
3.160519409179687500e+03
3.163439941406250000e+03
3.167166137695312500e+03
3.169885253906250000e+03
3.173510742187500000e+03
3.176431274414062500e+03
3.180056762695312500e+03
3.182977294921875000e+03
3.183380126953125000e+03
3.186300659179687500e+03
3.189825439453125000e+03
3.195666503906250000e+03
3.199291992187500000e+03
3.202212524414062500e+03
3.205838012695312500e+03
3.208657836914062500e+03
3.209060668945312500e+03
3.211981201171875000e+03
3.215505981445312500e+03
3.221548461914062500e+03
3.225274658203125000e+03
3.228195190429687500e+03
3.231820678710937500e+03
3.234640502929687500e+03
3.235043334960937500e+03
3.237963867187500000e+03
3.241589355468750000e+03
3.247732543945312500e+03
3.248034667968750000e+03
3.250854492187500000e+03
3.254479980468750000e+03
3.260623168945312500e+03
3.261026000976562500e+03
3.263946533203125000e+03
3.267572021484375000e+03
3.273715209960937500e+03
3.274017333984375000e+03
3.276937866210937500e+03
3.280563354492187500e+03
3.286605834960937500e+03
3.287109375000000000e+03
3.286706542968750000e+03
3.290332031250000000e+03
