-1.007080078125000000e-01
1.027221679687500000e+01
2.326354980468750000e+01
3.625488281250000000e+01
4.924621582031250000e+01
6.223754882812500000e+01
7.522888183593750000e+01
8.822021484375000000e+01
1.010101318359375000e+02
1.140014648437500000e+02
1.269927978515625000e+02
1.399841308593750000e+02
1.529754638671875000e+02
1.659667968750000000e+02
1.788574218750000000e+02
1.919494628906250000e+02
2.045379638671875000e+02
2.175292968750000000e+02
2.305206298828125000e+02
2.435119628906250000e+02
2.565032958984375000e+02
2.694946289062500000e+02
2.824859619140625000e+02
2.954772949218750000e+02
3.082672119140625000e+02
3.212585449218750000e+02
3.342498779296875000e+02
3.472412109375000000e+02
3.601318359375000000e+02
3.732238769531250000e+02
3.861145019531250000e+02
3.991058349609375000e+02
4.105865478515625000e+02
4.232757568359375000e+02
4.361663818359375000e+02
4.494598388671875000e+02
4.621490478515625000e+02
4.752410888671875000e+02
4.881317138671875000e+02
5.012237548828125000e+02
5.139129638671875000e+02
5.269042968750000000e+02
5.397949218750000000e+02
5.528869628906250000e+02
5.656768798828125000e+02
5.788696289062500000e+02
5.917602539062500000e+02
6.047515869140625000e+02
6.173400878906250000e+02
6.304321289062500000e+02
6.433227539062500000e+02
6.563140869140625000e+02
6.692047119140625000e+02
6.822967529296875000e+02
6.951873779296875000e+02
7.083801269531250000e+02
7.208679199218750000e+02
7.339599609375000000e+02
7.468505859375000000e+02
7.599426269531250000e+02
7.728332519531250000e+02
7.859252929687500000e+02
7.988159179687500000e+02
8.119079589843750000e+02
8.231872558593750000e+02
8.358764648437500000e+02
8.487670898437500000e+02
8.618591308593750000e+02
8.747497558593750000e+02
8.878417968750000000e+02
9.007324218750000000e+02
9.138244628906250000e+02
9.264129638671875000e+02
9.395050048828125000e+02
9.523956298828125000e+02
9.655883789062500000e+02
9.783782958984375000e+02
9.914703369140625000e+02
1.004260253906250000e+03
1.017352294921875000e+03
1.029940795898437500e+03
1.042932128906250000e+03
1.055822753906250000e+03
1.068914794921875000e+03
1.081704711914062500e+03
1.094796752929687500e+03
1.107687377929687500e+03
1.120880126953125000e+03
1.133267211914062500e+03
1.146459960937500000e+03
1.159350585937500000e+03
1.172442626953125000e+03
1.185333251953125000e+03
1.198425292968750000e+03
1.211215209960937500e+03
1.224407958984375000e+03
1.235687255859375000e+03
1.248477172851562500e+03
1.261267089843750000e+03
1.274459838867187500e+03
1.287149047851562500e+03
1.300341796875000000e+03
1.313131713867187500e+03
1.326324462890625000e+03
1.338912963867187500e+03
1.352105712890625000e+03
1.364794921875000000e+03
1.377987670898437500e+03
1.390777587890625000e+03
1.403970336914062500e+03
1.416760253906250000e+03
1.429953002929687500e+03
1.442440795898437500e+03
1.455532836914062500e+03
1.468322753906250000e+03
1.481515502929687500e+03
1.494305419921875000e+03
1.507498168945312500e+03
1.520187377929687500e+03
1.533480834960937500e+03
1.545968627929687500e+03
1.559161376953125000e+03
1.571951293945312500e+03
1.585144042968750000e+03
1.597833251953125000e+03
1.611026000976562500e+03
1.623815917968750000e+03
1.637008666992187500e+03
1.646575927734375000e+03
1.658963012695312500e+03
1.671652221679687500e+03
1.684844970703125000e+03
1.697634887695312500e+03
1.710928344726562500e+03
1.723516845703125000e+03
1.736709594726562500e+03
1.749298095703125000e+03
1.762390136718750000e+03
1.775180053710937500e+03
1.788372802734375000e+03
1.801062011718750000e+03
1.814254760742187500e+03
1.826943969726562500e+03
1.840237426757812500e+03
1.852624511718750000e+03
1.865716552734375000e+03
1.878405761718750000e+03
1.891699218750000000e+03
1.904388427734375000e+03
1.917581176757812500e+03
1.930371093750000000e+03
1.943463134765625000e+03
1.956051635742187500e+03
1.969244384765625000e+03
1.981832885742187500e+03
1.995126342773437500e+03
2.007815551757812500e+03
2.021008300781250000e+03
2.033697509765625000e+03
2.046890258789062500e+03
2.058169555664062500e+03
2.071060180664062500e+03
2.083749389648437500e+03
2.096942138671875000e+03
2.109631347656250000e+03
2.122824096679687500e+03
2.135614013671875000e+03
2.148806762695312500e+03
2.161596679687500000e+03
2.174487304687500000e+03
2.187075805664062500e+03
2.200369262695312500e+03
2.213058471679687500e+03
2.226251220703125000e+03
2.238940429687500000e+03
2.252233886718750000e+03
2.264721679687500000e+03
2.277813720703125000e+03
2.290502929687500000e+03
2.303695678710937500e+03
2.316384887695312500e+03
2.329577636718750000e+03
2.342266845703125000e+03
2.355560302734375000e+03
2.368048095703125000e+03
2.381341552734375000e+03
2.393829345703125000e+03
2.407122802734375000e+03
2.419912719726562500e+03
2.433105468750000000e+03
2.445794677734375000e+03
2.459088134765625000e+03
2.470266723632812500e+03
2.483056640625000000e+03
2.495745849609375000e+03
2.508938598632812500e+03
2.521627807617187500e+03
2.534921264648437500e+03
2.547610473632812500e+03
2.560903930664062500e+03
2.573391723632812500e+03
2.586584472656250000e+03
2.599172973632812500e+03
2.612667846679687500e+03
2.625155639648437500e+03
2.638449096679687500e+03
2.651138305664062500e+03
2.664431762695312500e+03
2.676718139648437500e+03
2.690011596679687500e+03
2.702600097656250000e+03
2.715893554687500000e+03
2.728683471679687500e+03
2.741876220703125000e+03
2.754565429687500000e+03
2.767858886718750000e+03
2.780346679687500000e+03
2.793539428710937500e+03
2.806228637695312500e+03
2.819421386718750000e+03
2.832211303710937500e+03
2.845202636718750000e+03
2.858093261718750000e+03
2.871487426757812500e+03
2.882666015625000000e+03
2.895657348632812500e+03
2.908245849609375000e+03
2.921539306640625000e+03
2.934228515625000000e+03
2.947521972656250000e+03
2.960110473632812500e+03
2.973403930664062500e+03
2.985891723632812500e+03
2.999185180664062500e+03
3.011773681640625000e+03
3.025167846679687500e+03
3.037857055664062500e+03
3.051150512695312500e+03
3.063739013671875000e+03
3.077133178710937500e+03
3.089419555664062500e+03
3.102713012695312500e+03
3.115301513671875000e+03
3.128695678710937500e+03
3.141284179687500000e+03
3.154577636718750000e+03
3.167266845703125000e+03
3.180661010742187500e+03
3.193048095703125000e+03
3.206341552734375000e+03
3.219030761718750000e+03
3.232324218750000000e+03
3.245013427734375000e+03
3.258306884765625000e+03
3.270996093750000000e+03
3.284390258789062500e+03
