-2.505396007178784412e+00
-2.389277899664834059e+00
-2.273159792150889480e+00
-2.157041684636941792e+00
-1.940096111173274629e+00
-1.924805469609047082e+00
-1.707859896145371259e+00
-1.894224186480590655e+00
-1.778106078966634529e+00
-1.661987971452692836e+00
-1.445042397989031224e+00
-1.429751756424795239e+00
-1.313633648910839113e+00
-1.197515541396883210e+00
-1.081397433882955728e+00
-1.267761724218162245e+00
-1.151643616704206341e+00
-1.136352975139998778e+00
-9.194074016763228441e-01
-9.041167601120867481e-01
-6.871711866484394582e-01
-6.718805450841774940e-01
-5.557624375702214792e-01
-6.412992619557639218e-01
-5.251811544418079070e-01
-4.090630469278519477e-01
-2.929449394138959328e-01
-2.776542978496884251e-01
-6.070872438598386156e-02
-4.541808282177636769e-02
1.715274906419281820e-01
-1.325593857039698564e+00
-1.511958147374876438e+00
-1.395840039860920534e+00
-1.279721932346964408e+00
-1.264431290782757067e+00
-1.047485717319109666e+00
-1.032195075754847924e+00
-8.152495022912005229e-01
-1.001613792626434352e+00
-8.854956851124209383e-01
-7.693775775985222110e-01
-6.532594700845089086e-01
-6.379688285203014564e-01
-4.210232550567113985e-01
-4.057326134923922578e-01
-1.887870400288022277e-01
-4.759787963136714040e-01
-3.598606887997726211e-01
-3.445700472355651689e-01
-1.276244737718605915e-01
-1.123338322076530976e-01
3.062666731554339883e-01
1.907491687056480159e-02
2.360204903341548421e-01
4.965619999897693398e-02
1.657743075129902155e-01
2.818924150268889983e-01
4.988379884905935202e-01
4.133011641051083096e-01
6.302467375686983120e-01
6.455373791330174527e-01
8.624829525966075661e-01
-7.354658610347120096e-01
-9.218301513698898830e-01
-9.065395098056824308e-01
-6.895939363419778534e-01
-6.743032947777704011e-01
-4.573577213140658237e-01
-4.420670797498583160e-01
-2.346657438677120233e-02
-4.114857966214461871e-01
-2.953676891074328847e-01
-2.800770475432254325e-01
-6.313147407952085510e-02
-4.784083251531336123e-02
1.691047409483911745e-01
1.843953825125986823e-01
4.013409559761887402e-01
1.332173374151376412e-02
2.302673072053328107e-01
1.447304828197331084e-01
3.616760562833231663e-01
3.769666978477567709e-01
5.939122713113468288e-01
6.092029128755542811e-01
8.261484863391443945e-01
6.397841960039664100e-01
6.550748375681739732e-01
6.703654791323814255e-01
9.881385185457772780e-01
9.026016941604051436e-01
1.119547267623995257e+00
1.134837909188202598e+00
1.351783482652021640e+00
-1.453378650297195707e-01
-3.317021553648974996e-01
-3.164115138006899919e-01
-9.946594033687096437e-02
-8.417529877266347049e-02
1.327702746909265874e-01
-5.359401564425134157e-02
3.650064897187241253e-01
7.781473343396799747e-02
2.947603068975580554e-01
2.092234825119583530e-01
4.261690559757773666e-01
3.406322315901776920e-01
6.584052710035734890e-01
6.736959125677810523e-01
8.906414860316000937e-01
6.034497297466163701e-01
7.195678372606295614e-01
6.340310128750299423e-01
9.518040522884256838e-01
8.662672279030535494e-01
1.184040267316223360e+00
1.098503442930851115e+00
1.315449016394441228e+00
1.028257260109685101e+00
1.346030299522854801e+00
1.260493475137482555e+00
1.578266514550878519e+00
1.391902224215700423e+00
1.709675263629096387e+00
1.624138439243496546e+00
1.941911478656892509e+00
-1.370104256119530906e+00
-1.858950944303897179e+00
-2.045315234639302648e+00
-1.626714729276101057e+00
-1.913906485561084780e+00
-1.495305980197883189e+00
-1.681670270533061062e+00
-1.363897231119665099e+00
-1.651088987404648822e+00
-1.434143413941058931e+00
-1.519680238326430954e+00
-1.201907198913035213e+00
-1.388271489248440682e+00
-1.070498449835044719e+00
-1.156035274220416964e+00
-9.390897007568268506e-01
-1.327108922991388829e+00
-1.110163349527798715e+00
-1.296527639862976589e+00
-9.787546004495808472e-01
-1.064291424835180466e+00
-7.465183854217847248e-01
-9.328826757569625983e-01
-6.151096363435668568e-01
-9.023013926285504693e-01
-6.853558191647314279e-01
-8.717201094999094124e-01
-5.539470700865135599e-01
-7.403113604219190291e-01
-3.217108550587174376e-01
-5.080751453938954221e-01
-8.947464003069378891e-02
-1.687423453662013406e+00
-1.772960278047613025e+00
-1.959324568383018494e+00
-1.641551528969396490e+00
-1.827915819304801959e+00
-1.510142779891179954e+00
-1.696507070226585423e+00
-1.277906564863157790e+00
-1.665925787098173405e+00
-1.448980213634354364e+00
-1.635344503969759833e+00
-1.216743998606332200e+00
-1.403108288941737669e+00
-1.085335249528115664e+00
-1.271699539863521133e+00
-8.530990345005456943e-01
-1.241118256735107561e+00
-1.024172683271288520e+00
-1.210536973606693989e+00
-8.927639341930720951e-01
-1.079128224528477453e+00
-7.613551851148555594e-01
-9.477194754502610285e-01
-5.291189700872855894e-01
-8.163107263720417173e-01
-1.002675016707447186e+00
-7.857294432436281451e-01
-3.671289378806527059e-01
-5.534932282156030947e-01
-2.357201888024333392e-01
-4.220844791373837279e-01
-3.483973774408245447e-03
-1.702260253355533548e+00
-1.787797077741133167e+00
-2.074988834025889517e+00
-1.656388328662913967e+00
-1.842752618997864245e+00
-1.424152113634888694e+00
-1.610516403970294164e+00
-1.191915898606866531e+00
-1.579935120841428509e+00
-1.262162081428258809e+00
-1.448526371763664278e+00
-1.130753332350042273e+00
-1.417945088634798401e+00
-9.993445832718229616e-01
-1.185708873607228320e+00
-7.671083682438006868e-01
-1.155127590478816302e+00
-8.373545510651942969e-01
-1.124546307350404062e+00
-6.051183360371706899e-01
-8.923100923223804548e-01
-4.737095869594050157e-01
-6.600738772943554045e-01
-2.414733719313799098e-01
-6.294925941659418323e-01
-3.117195547527721322e-01
-4.980838450877224655e-01
-7.948333972474701248e-02
-2.658476300596973596e-01
1.527528753032780795e-01
-3.361141503212738968e-02
3.849890903313003543e-01
-1.313787189249824960e+00
-1.197669081735811769e+00
-1.484860838021021534e+00
-1.066260332657593679e+00
-1.252624622992999148e+00
-8.340241176300238202e-01
-1.121215873914779948e+00
-7.026153685518043979e-01
-1.090634590786366376e+00
-6.720340854233909367e-01
-9.592258417081470645e-01
-5.406253363451715144e-01
-7.269896266801219031e-01
-3.083891213171464640e-01
-4.947534116525519332e-01
2.467455966068156370e-02
-5.649995944734904629e-01
-1.463990891105149683e-01
-4.335908453952710961e-01
8.583712591751012366e-02
-2.013546303676996829e-01
2.172458749957280333e-01
3.088158466032255023e-02
5.503095559731038255e-01
6.146286778873754492e-02
4.800633731517129910e-01
2.936990828167626577e-01
7.122995881797381523e-01
5.259352978447877636e-01
9.445358032077632027e-01
7.581715128723577335e-01
1.277599484185139023e+00
