-1.000000000000000000e+00
1.020000000000000000e+02
2.310000000000000000e+02
3.600000000000000000e+02
4.890000000000000000e+02
6.180000000000000000e+02
7.470000000000000000e+02
8.760000000000000000e+02
1.003000000000000000e+03
1.132000000000000000e+03
1.261000000000000000e+03
1.390000000000000000e+03
1.519000000000000000e+03
1.648000000000000000e+03
1.777000000000000000e+03
1.906000000000000000e+03
2.031000000000000000e+03
2.160000000000000000e+03
2.289000000000000000e+03
2.418000000000000000e+03
2.547000000000000000e+03
2.676000000000000000e+03
2.805000000000000000e+03
2.935000000000000000e+03
3.061000000000000000e+03
3.190000000000000000e+03
3.319000000000000000e+03
3.448000000000000000e+03
3.576000000000000000e+03
3.706000000000000000e+03
3.834000000000000000e+03
3.964000000000000000e+03
4.077000000000000000e+03
4.203000000000000000e+03
4.331000000000000000e+03
4.461000000000000000e+03
4.589000000000000000e+03
4.719000000000000000e+03
4.847000000000000000e+03
4.977000000000000000e+03
5.103000000000000000e+03
5.232000000000000000e+03
5.360000000000000000e+03
5.490000000000000000e+03
5.618000000000000000e+03
5.748000000000000000e+03
5.876000000000000000e+03
6.005000000000000000e+03
6.130000000000000000e+03
6.260000000000000000e+03
6.388000000000000000e+03
6.518000000000000000e+03
6.646000000000000000e+03
6.778000000000000000e+03
6.904000000000000000e+03
7.033000000000000000e+03
7.159000000000000000e+03
7.288000000000000000e+03
7.416000000000000000e+03
7.546000000000000000e+03
7.674000000000000000e+03
7.804000000000000000e+03
7.932000000000000000e+03
8.062000000000000000e+03
8.174000000000000000e+03
8.300000000000000000e+03
8.428000000000000000e+03
8.558000000000000000e+03
8.686000000000000000e+03
8.816000000000000000e+03
8.944000000000000000e+03
9.073000000000000000e+03
9.199000000000000000e+03
9.329000000000000000e+03
9.457000000000000000e+03
9.587000000000000000e+03
9.715000000000000000e+03
9.845000000000000000e+03
9.973000000000000000e+03
1.010200000000000000e+04
1.022700000000000000e+04
1.035700000000000000e+04
1.048400000000000000e+04
1.061400000000000000e+04
1.074200000000000000e+04
1.087200000000000000e+04
1.100000000000000000e+04
1.113000000000000000e+04
1.125600000000000000e+04
1.138600000000000000e+04
1.151200000000000000e+04
1.164300000000000000e+04
1.177000000000000000e+04
1.190000000000000000e+04
1.202800000000000000e+04
1.215800000000000000e+04
1.227100000000000000e+04
1.239700000000000000e+04
1.252400000000000000e+04
1.265500000000000000e+04
1.278200000000000000e+04
1.291300000000000000e+04
1.304000000000000000e+04
1.317000000000000000e+04
1.329600000000000000e+04
1.342600000000000000e+04
1.355300000000000000e+04
1.368300000000000000e+04
1.381000000000000000e+04
1.394100000000000000e+04
1.406800000000000000e+04
1.420000000000000000e+04
1.432400000000000000e+04
1.445400000000000000e+04
1.458000000000000000e+04
1.471100000000000000e+04
1.483800000000000000e+04
1.496900000000000000e+04
1.509600000000000000e+04
1.522600000000000000e+04
1.535100000000000000e+04
1.548200000000000000e+04
1.560900000000000000e+04
1.574000000000000000e+04
1.586500000000000000e+04
1.599800000000000000e+04
1.612500000000000000e+04
1.625500000000000000e+04
1.635000000000000000e+04
1.647300000000000000e+04
1.659900000000000000e+04
1.673000000000000000e+04
1.685700000000000000e+04
1.698700000000000000e+04
1.711300000000000000e+04
1.724500000000000000e+04
1.736900000000000000e+04
1.750000000000000000e+04
1.762600000000000000e+04
1.775800000000000000e+04
1.788400000000000000e+04
1.801500000000000000e+04
1.814100000000000000e+04
1.827200000000000000e+04
1.839600000000000000e+04
1.852600000000000000e+04
1.865200000000000000e+04
1.878400000000000000e+04
1.891000000000000000e+04
1.904100000000000000e+04
1.916600000000000000e+04
1.929800000000000000e+04
1.942300000000000000e+04
1.955300000000000000e+04
1.967900000000000000e+04
1.981000000000000000e+04
1.993700000000000000e+04
2.006800000000000000e+04
2.019400000000000000e+04
2.032500000000000000e+04
2.043700000000000000e+04
2.056500000000000000e+04
2.069000000000000000e+04
2.082200000000000000e+04
2.094800000000000000e+04
2.107900000000000000e+04
2.120500000000000000e+04
2.133700000000000000e+04
2.145900000000000000e+04
2.159100000000000000e+04
2.171700000000000000e+04
2.184900000000000000e+04
2.197500000000000000e+04
2.210600000000000000e+04
2.223200000000000000e+04
2.236400000000000000e+04
2.248800000000000000e+04
2.261800000000000000e+04
2.274300000000000000e+04
2.287500000000000000e+04
2.300100000000000000e+04
2.313200000000000000e+04
2.325800000000000000e+04
2.339000000000000000e+04
2.351400000000000000e+04
2.364800000000000000e+04
2.377100000000000000e+04
2.390200000000000000e+04
2.402800000000000000e+04
2.416000000000000000e+04
2.428600000000000000e+04
2.441800000000000000e+04
2.452900000000000000e+04
2.465600000000000000e+04
2.478200000000000000e+04
2.491300000000000000e+04
2.503900000000000000e+04
2.517100000000000000e+04
2.529600000000000000e+04
2.542800000000000000e+04
2.555200000000000000e+04
2.568400000000000000e+04
2.580900000000000000e+04
2.593500000000000000e+04
2.606600000000000000e+04
2.619800000000000000e+04
2.632400000000000000e+04
2.645600000000000000e+04
2.657900000000000000e+04
2.671000000000000000e+04
2.683600000000000000e+04
2.696800000000000000e+04
2.709400000000000000e+04
2.722600000000000000e+04
2.735200000000000000e+04
2.748400000000000000e+04
2.760800000000000000e+04
2.773900000000000000e+04
2.786400000000000000e+04
2.799700000000000000e+04
2.812300000000000000e+04
2.825400000000000000e+04
2.838100000000000000e+04
2.851300000000000000e+04
2.862400000000000000e+04
2.875300000000000000e+04
2.887800000000000000e+04
2.901000000000000000e+04
2.913600000000000000e+04
2.926800000000000000e+04
2.939300000000000000e+04
2.952500000000000000e+04
2.964900000000000000e+04
2.978100000000000000e+04
2.990600000000000000e+04
3.003800000000000000e+04
3.016400000000000000e+04
3.029600000000000000e+04
3.042200000000000000e+04
3.055400000000000000e+04
3.067800000000000000e+04
3.080900000000000000e+04
3.093400000000000000e+04
3.106600000000000000e+04
3.119200000000000000e+04
3.132400000000000000e+04
3.145000000000000000e+04
3.158200000000000000e+04
3.170600000000000000e+04
3.183800000000000000e+04
3.196300000000000000e+04
3.209600000000000000e+04
3.222200000000000000e+04
3.235400000000000000e+04
3.248000000000000000e+04
3.261300000000000000e+04
