6.599899291992187500e+03
6.282165527343750000e+02
9.869384765625000000e+02
1.168112182617187500e+03
3.299899291992187500e+03
1.237197875976562500e+03
2.965145874023437500e+03
1.582324218750000000e+03
1.625225830078125000e+03
1.576181030273437500e+03
1.479098510742187500e+03
1.370635986328125000e+03
1.269827270507812500e+03
1.187850952148437500e+03
1.121383666992187500e+03
1.073144531250000000e+03
1.039709472656250000e+03
1.018862915039062500e+03
1.005468750000000000e+03
9.984191894531250000e+02
9.948944091796875000e+02
9.939880371093750000e+02
9.941894531250000000e+02
9.951965332031250000e+02
9.961029052734375000e+02
9.972106933593750000e+02
9.979156494140625000e+02
9.987213134765625000e+02
9.991241455078125000e+02
9.996276855468750000e+02
9.997283935546875000e+02
9.999298095703125000e+02
9.999298095703125000e+02
1.000131225585937500e+03
1.000030517578125000e+03
1.000231933593750000e+03
1.000030517578125000e+03
1.000131225585937500e+03
9.999298095703125000e+02
1.000030517578125000e+03
9.999298095703125000e+02
1.000030517578125000e+03
9.999298095703125000e+02
1.000131225585937500e+03
9.999298095703125000e+02
1.000131225585937500e+03
9.999298095703125000e+02
1.000131225585937500e+03
9.999298095703125000e+02
1.000131225585937500e+03
9.999298095703125000e+02
1.000131225585937500e+03
9.999298095703125000e+02
1.000131225585937500e+03
9.999298095703125000e+02
1.000131225585937500e+03
9.999298095703125000e+02
1.000131225585937500e+03
9.999298095703125000e+02
1.000131225585937500e+03
9.999298095703125000e+02
1.000131225585937500e+03
9.999298095703125000e+02
1.000131225585937500e+03
9.999298095703125000e+02
1.000131225585937500e+03
9.999298095703125000e+02
1.000131225585937500e+03
9.999298095703125000e+02
1.000131225585937500e+03
9.999298095703125000e+02
1.000131225585937500e+03
9.998291015625000000e+02
1.000231933593750000e+03
1.000030517578125000e+03
1.000131225585937500e+03
9.999298095703125000e+02
1.000030517578125000e+03
9.999298095703125000e+02
1.000131225585937500e+03
9.999298095703125000e+02
1.000131225585937500e+03
9.999298095703125000e+02
1.000131225585937500e+03
9.999298095703125000e+02
1.000131225585937500e+03
9.999298095703125000e+02
1.000131225585937500e+03
9.999298095703125000e+02
1.000131225585937500e+03
9.999298095703125000e+02
1.000131225585937500e+03
9.999298095703125000e+02
1.000131225585937500e+03
9.999298095703125000e+02
1.000131225585937500e+03
9.998291015625000000e+02
1.000231933593750000e+03
1.000030517578125000e+03
1.000131225585937500e+03
9.998291015625000000e+02
1.000231933593750000e+03
1.000030517578125000e+03
1.000131225585937500e+03
9.999298095703125000e+02
1.000030517578125000e+03
9.998291015625000000e+02
1.000231933593750000e+03
1.000030517578125000e+03
1.000131225585937500e+03
9.999298095703125000e+02
1.000030517578125000e+03
9.999298095703125000e+02
1.000030517578125000e+03
9.999298095703125000e+02
1.000131225585937500e+03
9.998291015625000000e+02
1.000231933593750000e+03
1.000030517578125000e+03
1.000131225585937500e+03
9.999298095703125000e+02
1.000030517578125000e+03
9.998291015625000000e+02
1.000231933593750000e+03
1.000030517578125000e+03
1.000131225585937500e+03
9.999298095703125000e+02
1.000030517578125000e+03
9.999298095703125000e+02
1.000131225585937500e+03
9.999298095703125000e+02
1.000131225585937500e+03
9.999298095703125000e+02
1.000131225585937500e+03
9.998291015625000000e+02
1.000231933593750000e+03
1.000030517578125000e+03
1.000131225585937500e+03
9.999298095703125000e+02
1.000030517578125000e+03
9.999298095703125000e+02
1.000131225585937500e+03
9.999298095703125000e+02
1.000131225585937500e+03
9.999298095703125000e+02
1.000131225585937500e+03
9.999298095703125000e+02
1.000131225585937500e+03
9.999298095703125000e+02
1.000131225585937500e+03
9.999298095703125000e+02
1.000131225585937500e+03
9.999298095703125000e+02
1.000131225585937500e+03
9.999298095703125000e+02
1.000131225585937500e+03
9.999298095703125000e+02
1.000131225585937500e+03
9.998291015625000000e+02
1.000231933593750000e+03
1.000030517578125000e+03
1.000131225585937500e+03
9.999298095703125000e+02
1.000030517578125000e+03
9.999298095703125000e+02
1.000131225585937500e+03
9.999298095703125000e+02
1.000131225585937500e+03
9.999298095703125000e+02
1.000131225585937500e+03
9.999298095703125000e+02
1.000131225585937500e+03
9.999298095703125000e+02
1.000131225585937500e+03
9.999298095703125000e+02
1.000131225585937500e+03
9.999298095703125000e+02
1.000131225585937500e+03
9.999298095703125000e+02
1.000131225585937500e+03
9.999298095703125000e+02
1.000131225585937500e+03
9.999298095703125000e+02
1.000131225585937500e+03
9.999298095703125000e+02
1.000131225585937500e+03
9.999298095703125000e+02
1.000131225585937500e+03
9.999298095703125000e+02
1.000131225585937500e+03
9.999298095703125000e+02
1.000131225585937500e+03
9.999298095703125000e+02
1.000131225585937500e+03
9.998291015625000000e+02
1.000231933593750000e+03
9.999298095703125000e+02
1.000231933593750000e+03
1.000030517578125000e+03
1.000131225585937500e+03
9.999298095703125000e+02
1.000030517578125000e+03
9.999298095703125000e+02
1.000030517578125000e+03
9.998291015625000000e+02
1.000231933593750000e+03
1.000030517578125000e+03
1.000131225585937500e+03
9.999298095703125000e+02
1.000030517578125000e+03
9.999298095703125000e+02
1.000131225585937500e+03
9.999298095703125000e+02
1.000131225585937500e+03
9.999298095703125000e+02
1.000131225585937500e+03
9.999298095703125000e+02
1.000131225585937500e+03
9.998291015625000000e+02
1.000231933593750000e+03
1.000030517578125000e+03
1.000131225585937500e+03
9.999298095703125000e+02
1.000030517578125000e+03
9.999298095703125000e+02
1.000131225585937500e+03
9.999298095703125000e+02
1.000131225585937500e+03
9.999298095703125000e+02
1.000131225585937500e+03
9.999298095703125000e+02
1.000131225585937500e+03
9.999298095703125000e+02
1.000131225585937500e+03
9.999298095703125000e+02
1.000131225585937500e+03
9.999298095703125000e+02
1.000131225585937500e+03
9.999298095703125000e+02
1.000131225585937500e+03
9.998291015625000000e+02
1.000231933593750000e+03
1.000030517578125000e+03
1.000131225585937500e+03
9.999298095703125000e+02
1.000030517578125000e+03
9.999298095703125000e+02
1.000131225585937500e+03
9.999298095703125000e+02
1.000131225585937500e+03
9.999298095703125000e+02
1.000131225585937500e+03
9.999298095703125000e+02
1.000131225585937500e+03
9.999298095703125000e+02
1.000131225585937500e+03
9.999298095703125000e+02
1.000131225585937500e+03
9.999298095703125000e+02
1.000131225585937500e+03
9.999298095703125000e+02
1.000131225585937500e+03
9.999298095703125000e+02
1.000131225585937500e+03
9.999298095703125000e+02
1.000131225585937500e+03
9.999298095703125000e+02
1.000131225585937500e+03
9.999298095703125000e+02
1.000131225585937500e+03
9.999298095703125000e+02
1.000131225585937500e+03
9.999298095703125000e+02
1.000131225585937500e+03
9.999298095703125000e+02
1.000131225585937500e+03
9.999298095703125000e+02
1.000131225585937500e+03
9.999298095703125000e+02
1.000131225585937500e+03
9.999298095703125000e+02
1.000131225585937500e+03
9.999298095703125000e+02
1.000131225585937500e+03
9.999298095703125000e+02
1.000131225585937500e+03
9.999298095703125000e+02
1.000131225585937500e+03
9.999298095703125000e+02
1.000131225585937500e+03
9.999298095703125000e+02
1.000131225585937500e+03
9.999298095703125000e+02
1.000131225585937500e+03
9.999298095703125000e+02
1.000131225585937500e+03
9.999298095703125000e+02
1.000131225585937500e+03
9.999298095703125000e+02
1.000131225585937500e+03
9.998291015625000000e+02
1.000231933593750000e+03
1.000030517578125000e+03
1.000131225585937500e+03
9.999298095703125000e+02
1.000030517578125000e+03
9.999298095703125000e+02
1.000131225585937500e+03
9.999298095703125000e+02
1.000131225585937500e+03
9.999298095703125000e+02
1.000131225585937500e+03
9.999298095703125000e+02
1.000131225585937500e+03
9.999298095703125000e+02
1.000131225585937500e+03
9.998291015625000000e+02
1.000231933593750000e+03
9.999298095703125000e+02
1.000231933593750000e+03
1.000030517578125000e+03
1.000131225585937500e+03
9.999298095703125000e+02
1.000030517578125000e+03
9.999298095703125000e+02
1.000030517578125000e+03
9.999298095703125000e+02
1.000131225585937500e+03
9.999298095703125000e+02
1.000131225585937500e+03
9.999298095703125000e+02
1.000131225585937500e+03
9.999298095703125000e+02
1.000131225585937500e+03
9.999298095703125000e+02
1.000131225585937500e+03
9.999298095703125000e+02
1.000131225585937500e+03
9.999298095703125000e+02
1.000131225585937500e+03
9.999298095703125000e+02
1.000131225585937500e+03
9.999298095703125000e+02
1.000131225585937500e+03
9.998291015625000000e+02
1.000231933593750000e+03
1.000030517578125000e+03
1.000131225585937500e+03
9.999298095703125000e+02
1.000030517578125000e+03
9.998291015625000000e+02
1.000231933593750000e+03
1.000030517578125000e+03
1.000131225585937500e+03
9.999298095703125000e+02
1.000030517578125000e+03
9.999298095703125000e+02
1.000131225585937500e+03
9.999298095703125000e+02
1.000131225585937500e+03
9.999298095703125000e+02
1.000131225585937500e+03
9.998291015625000000e+02
1.000231933593750000e+03
1.000030517578125000e+03
1.000131225585937500e+03
9.999298095703125000e+02
1.000030517578125000e+03
9.999298095703125000e+02
1.000131225585937500e+03
9.999298095703125000e+02
1.000131225585937500e+03
9.999298095703125000e+02
1.000131225585937500e+03
9.999298095703125000e+02
1.000131225585937500e+03
9.999298095703125000e+02
1.000131225585937500e+03
9.999298095703125000e+02
1.000131225585937500e+03
9.999298095703125000e+02
1.000131225585937500e+03
9.998291015625000000e+02
1.000231933593750000e+03
1.000030517578125000e+03
1.000131225585937500e+03
9.999298095703125000e+02
1.000030517578125000e+03
9.999298095703125000e+02
1.000131225585937500e+03
9.999298095703125000e+02
1.000131225585937500e+03
9.998291015625000000e+02
1.000231933593750000e+03
1.000030517578125000e+03
1.000131225585937500e+03
9.999298095703125000e+02
1.000030517578125000e+03
9.999298095703125000e+02
1.000131225585937500e+03
9.999298095703125000e+02
1.000131225585937500e+03
9.998291015625000000e+02
1.000231933593750000e+03
1.000030517578125000e+03
1.000131225585937500e+03
9.999298095703125000e+02
1.000030517578125000e+03
9.999298095703125000e+02
1.000131225585937500e+03
9.999298095703125000e+02
1.000131225585937500e+03
9.999298095703125000e+02
1.000131225585937500e+03
9.998291015625000000e+02
1.000231933593750000e+03
1.000030517578125000e+03
1.000131225585937500e+03
9.999298095703125000e+02
1.000030517578125000e+03
9.999298095703125000e+02
1.000131225585937500e+03
9.999298095703125000e+02
1.000131225585937500e+03
9.999298095703125000e+02
1.000131225585937500e+03
9.999298095703125000e+02
1.000131225585937500e+03
9.999298095703125000e+02
1.000131225585937500e+03
9.999298095703125000e+02
1.000131225585937500e+03
9.999298095703125000e+02
1.000131225585937500e+03
9.999298095703125000e+02
1.000131225585937500e+03
9.998291015625000000e+02
1.000231933593750000e+03
1.000030517578125000e+03
1.000131225585937500e+03
9.999298095703125000e+02
1.000030517578125000e+03
9.999298095703125000e+02
1.000131225585937500e+03
9.998291015625000000e+02
1.000231933593750000e+03
1.000030517578125000e+03
1.000131225585937500e+03
9.999298095703125000e+02
1.000030517578125000e+03
9.999298095703125000e+02
1.000131225585937500e+03
9.999298095703125000e+02
1.000131225585937500e+03
9.998291015625000000e+02
1.000231933593750000e+03
1.000030517578125000e+03
1.000131225585937500e+03
9.999298095703125000e+02
1.000030517578125000e+03
9.999298095703125000e+02
1.000131225585937500e+03
9.999298095703125000e+02
1.000131225585937500e+03
9.998291015625000000e+02
1.000231933593750000e+03
1.000030517578125000e+03
1.000131225585937500e+03
9.999298095703125000e+02
1.000030517578125000e+03
9.999298095703125000e+02
1.000131225585937500e+03
9.999298095703125000e+02
1.000131225585937500e+03
9.998291015625000000e+02
1.000231933593750000e+03
1.000030517578125000e+03
1.000131225585937500e+03
9.998291015625000000e+02
1.000231933593750000e+03
1.000030517578125000e+03
1.000131225585937500e+03
9.999298095703125000e+02
1.000030517578125000e+03
9.999298095703125000e+02
1.000030517578125000e+03
9.999298095703125000e+02
1.000131225585937500e+03
9.998291015625000000e+02
1.000231933593750000e+03
1.000030517578125000e+03
1.000131225585937500e+03
9.999298095703125000e+02
1.000030517578125000e+03
9.999298095703125000e+02
1.000131225585937500e+03
9.999298095703125000e+02
1.000131225585937500e+03
9.999298095703125000e+02
1.000131225585937500e+03
9.999298095703125000e+02
1.000131225585937500e+03
9.999298095703125000e+02
1.000131225585937500e+03
9.999298095703125000e+02
1.000131225585937500e+03
9.999298095703125000e+02
1.000131225585937500e+03
9.999298095703125000e+02
1.000131225585937500e+03
9.999298095703125000e+02
1.000131225585937500e+03
9.999298095703125000e+02
1.000131225585937500e+03
9.999298095703125000e+02
1.000131225585937500e+03
9.998291015625000000e+02
1.000231933593750000e+03
9.999298095703125000e+02
1.000231933593750000e+03
1.000030517578125000e+03
1.000131225585937500e+03
9.999298095703125000e+02
1.000030517578125000e+03
9.999298095703125000e+02
1.000030517578125000e+03
9.999298095703125000e+02
1.000131225585937500e+03
9.999298095703125000e+02
1.000131225585937500e+03
9.999298095703125000e+02
1.000131225585937500e+03
9.999298095703125000e+02
1.000131225585937500e+03
9.999298095703125000e+02
1.000131225585937500e+03
9.999298095703125000e+02
1.000131225585937500e+03
9.999298095703125000e+02
1.000131225585937500e+03
9.999298095703125000e+02
1.000131225585937500e+03
9.999298095703125000e+02
1.000131225585937500e+03
9.999298095703125000e+02
1.000131225585937500e+03
9.999298095703125000e+02
1.000131225585937500e+03
9.999298095703125000e+02
1.000131225585937500e+03
9.999298095703125000e+02
1.000131225585937500e+03
9.999298095703125000e+02
1.000131225585937500e+03
9.999298095703125000e+02
1.000131225585937500e+03
9.999298095703125000e+02
1.000131225585937500e+03
9.999298095703125000e+02
1.000131225585937500e+03
9.998291015625000000e+02
1.000231933593750000e+03
1.000030517578125000e+03
1.000131225585937500e+03
9.999298095703125000e+02
1.000030517578125000e+03
9.999298095703125000e+02
1.000131225585937500e+03
9.999298095703125000e+02
1.000131225585937500e+03
9.999298095703125000e+02
1.000131225585937500e+03
9.999298095703125000e+02
1.000131225585937500e+03
9.999298095703125000e+02
1.000131225585937500e+03
9.999298095703125000e+02
1.000131225585937500e+03
9.999298095703125000e+02
1.000131225585937500e+03
9.999298095703125000e+02
1.000131225585937500e+03
9.999298095703125000e+02
1.000131225585937500e+03
9.999298095703125000e+02
1.000131225585937500e+03
9.999298095703125000e+02
1.000131225585937500e+03
9.999298095703125000e+02
1.000131225585937500e+03
9.999298095703125000e+02
1.000131225585937500e+03
9.999298095703125000e+02
1.000131225585937500e+03
9.999298095703125000e+02
1.000131225585937500e+03
9.999298095703125000e+02
1.000131225585937500e+03
9.999298095703125000e+02
1.000131225585937500e+03
9.998291015625000000e+02
1.000231933593750000e+03
1.000030517578125000e+03
1.000131225585937500e+03
9.999298095703125000e+02
1.000030517578125000e+03
9.999298095703125000e+02
1.000131225585937500e+03
9.998291015625000000e+02
1.000231933593750000e+03
1.000030517578125000e+03
1.000131225585937500e+03
9.999298095703125000e+02
1.000030517578125000e+03
9.999298095703125000e+02
1.000131225585937500e+03
9.998291015625000000e+02
1.000231933593750000e+03
1.000030517578125000e+03
1.000131225585937500e+03
9.999298095703125000e+02
1.000030517578125000e+03
9.999298095703125000e+02
1.000131225585937500e+03
9.999298095703125000e+02
1.000131225585937500e+03
9.999298095703125000e+02
1.000131225585937500e+03
9.998291015625000000e+02
1.000231933593750000e+03
1.000030517578125000e+03
1.000131225585937500e+03
9.999298095703125000e+02
1.000030517578125000e+03
9.998291015625000000e+02
1.000231933593750000e+03
1.000030517578125000e+03
1.000131225585937500e+03
9.999298095703125000e+02
1.000030517578125000e+03
9.999298095703125000e+02
1.000131225585937500e+03
9.999298095703125000e+02
1.000131225585937500e+03
9.999298095703125000e+02
1.000131225585937500e+03
9.999298095703125000e+02
1.000131225585937500e+03
9.998291015625000000e+02
1.000231933593750000e+03
1.000030517578125000e+03
1.000131225585937500e+03
9.999298095703125000e+02
1.000030517578125000e+03
9.999298095703125000e+02
1.000131225585937500e+03
9.999298095703125000e+02
1.000131225585937500e+03
9.999298095703125000e+02
1.000131225585937500e+03
9.998291015625000000e+02
1.000231933593750000e+03
1.000030517578125000e+03
1.000131225585937500e+03
9.998291015625000000e+02
1.000231933593750000e+03
1.000030517578125000e+03
1.000131225585937500e+03
9.999298095703125000e+02
1.000030517578125000e+03
9.998291015625000000e+02
1.000231933593750000e+03
1.000030517578125000e+03
1.000131225585937500e+03
9.999298095703125000e+02
1.000030517578125000e+03
9.999298095703125000e+02
1.000030517578125000e+03
9.999298095703125000e+02
1.000131225585937500e+03
9.999298095703125000e+02
1.000131225585937500e+03
9.999298095703125000e+02
1.000131225585937500e+03
9.999298095703125000e+02
1.000131225585937500e+03
9.999298095703125000e+02
1.000131225585937500e+03
9.999298095703125000e+02
1.000131225585937500e+03
9.999298095703125000e+02
1.000131225585937500e+03
9.999298095703125000e+02
1.000131225585937500e+03
9.999298095703125000e+02
1.000131225585937500e+03
9.999298095703125000e+02
1.000131225585937500e+03
9.999298095703125000e+02
1.000131225585937500e+03
9.999298095703125000e+02
1.000131225585937500e+03
9.999298095703125000e+02
1.000131225585937500e+03
9.999298095703125000e+02
1.000131225585937500e+03
9.999298095703125000e+02
1.000131225585937500e+03
9.998291015625000000e+02
1.000231933593750000e+03
1.000030517578125000e+03
1.000131225585937500e+03
9.999298095703125000e+02
1.000030517578125000e+03
9.998291015625000000e+02
1.000231933593750000e+03
1.000030517578125000e+03
1.000131225585937500e+03
9.999298095703125000e+02
1.000030517578125000e+03
9.998291015625000000e+02
1.000231933593750000e+03
1.000030517578125000e+03
1.000131225585937500e+03
9.999298095703125000e+02
1.000030517578125000e+03
9.999298095703125000e+02
1.000131225585937500e+03
9.999298095703125000e+02
1.000131225585937500e+03
9.999298095703125000e+02
1.000131225585937500e+03
9.999298095703125000e+02
1.000131225585937500e+03
9.999298095703125000e+02
1.000131225585937500e+03
9.999298095703125000e+02
1.000131225585937500e+03
9.998291015625000000e+02
1.000231933593750000e+03
1.000030517578125000e+03
1.000131225585937500e+03
9.998291015625000000e+02
1.000231933593750000e+03
1.000030517578125000e+03
1.000131225585937500e+03
9.999298095703125000e+02
1.000030517578125000e+03
9.999298095703125000e+02
1.000030517578125000e+03
9.999298095703125000e+02
1.000131225585937500e+03
9.999298095703125000e+02
1.000131225585937500e+03
9.999298095703125000e+02
1.000131225585937500e+03
9.999298095703125000e+02
1.000131225585937500e+03
9.999298095703125000e+02
1.000131225585937500e+03
9.999298095703125000e+02
1.000131225585937500e+03
9.999298095703125000e+02
1.000131225585937500e+03
9.999298095703125000e+02
1.000131225585937500e+03
9.999298095703125000e+02
1.000131225585937500e+03
9.998291015625000000e+02
1.000231933593750000e+03
1.000030517578125000e+03
1.000131225585937500e+03
9.999298095703125000e+02
1.000030517578125000e+03
9.999298095703125000e+02
1.000131225585937500e+03
9.998291015625000000e+02
1.000231933593750000e+03
1.000030517578125000e+03
1.000131225585937500e+03
9.999298095703125000e+02
1.000030517578125000e+03
9.999298095703125000e+02
1.000131225585937500e+03
9.999298095703125000e+02
1.000131225585937500e+03
9.998291015625000000e+02
1.000231933593750000e+03
1.000030517578125000e+03
1.000131225585937500e+03
9.999298095703125000e+02
1.000030517578125000e+03
9.999298095703125000e+02
1.000131225585937500e+03
9.999298095703125000e+02
1.000131225585937500e+03
9.998291015625000000e+02
1.000231933593750000e+03
1.000030517578125000e+03
1.000131225585937500e+03
9.999298095703125000e+02
1.000030517578125000e+03
9.998291015625000000e+02
1.000231933593750000e+03
1.000030517578125000e+03
1.000131225585937500e+03
9.999298095703125000e+02
1.000030517578125000e+03
9.998291015625000000e+02
1.000231933593750000e+03
1.000030517578125000e+03
1.000131225585937500e+03
9.999298095703125000e+02
1.000030517578125000e+03
9.999298095703125000e+02
1.000131225585937500e+03
9.999298095703125000e+02
1.000131225585937500e+03
9.999298095703125000e+02
1.000131225585937500e+03
9.999298095703125000e+02
1.000131225585937500e+03
9.999298095703125000e+02
1.000131225585937500e+03
9.999298095703125000e+02
1.000131225585937500e+03
9.999298095703125000e+02
1.000131225585937500e+03
9.999298095703125000e+02
1.000131225585937500e+03
9.999298095703125000e+02
1.000131225585937500e+03
9.998291015625000000e+02
1.000231933593750000e+03
9.999298095703125000e+02
1.000231933593750000e+03
1.000030517578125000e+03
1.000131225585937500e+03
9.999298095703125000e+02
1.000030517578125000e+03
9.999298095703125000e+02
1.000030517578125000e+03
9.999298095703125000e+02
1.000131225585937500e+03
9.999298095703125000e+02
1.000131225585937500e+03
9.998291015625000000e+02
1.000231933593750000e+03
1.000030517578125000e+03
1.000131225585937500e+03
9.999298095703125000e+02
1.000030517578125000e+03
9.998291015625000000e+02
1.000231933593750000e+03
1.000030517578125000e+03
1.000131225585937500e+03
9.999298095703125000e+02
1.000030517578125000e+03
9.999298095703125000e+02
1.000131225585937500e+03
9.999298095703125000e+02
1.000131225585937500e+03
9.999298095703125000e+02
1.000131225585937500e+03
9.999298095703125000e+02
1.000131225585937500e+03
9.999298095703125000e+02
1.000131225585937500e+03
9.999298095703125000e+02
1.000131225585937500e+03
9.999298095703125000e+02
1.000131225585937500e+03
9.999298095703125000e+02
1.000131225585937500e+03
9.999298095703125000e+02
1.000131225585937500e+03
9.998291015625000000e+02
1.000231933593750000e+03
1.000030517578125000e+03
1.000131225585937500e+03
9.998291015625000000e+02
1.000231933593750000e+03
1.000030517578125000e+03
1.000131225585937500e+03
9.999298095703125000e+02
1.000030517578125000e+03
9.998291015625000000e+02
1.000231933593750000e+03
1.000030517578125000e+03
1.000131225585937500e+03
9.999298095703125000e+02
1.000030517578125000e+03
9.999298095703125000e+02
1.000030517578125000e+03
9.998291015625000000e+02
1.000231933593750000e+03
1.000030517578125000e+03
1.000131225585937500e+03
9.999298095703125000e+02
1.000030517578125000e+03
9.999298095703125000e+02
1.000131225585937500e+03
9.999298095703125000e+02
1.000131225585937500e+03
9.999298095703125000e+02
1.000131225585937500e+03
9.999298095703125000e+02
1.000131225585937500e+03
9.999298095703125000e+02
1.000131225585937500e+03
9.999298095703125000e+02
1.000131225585937500e+03
9.999298095703125000e+02
1.000131225585937500e+03
9.999298095703125000e+02
1.000131225585937500e+03
9.999298095703125000e+02
1.000131225585937500e+03
9.999298095703125000e+02
1.000131225585937500e+03
9.999298095703125000e+02
1.000131225585937500e+03
9.999298095703125000e+02
1.000131225585937500e+03
9.999298095703125000e+02
1.000131225585937500e+03
9.999298095703125000e+02
1.000131225585937500e+03
9.999298095703125000e+02
1.000131225585937500e+03
9.999298095703125000e+02
1.000131225585937500e+03
9.999298095703125000e+02
1.000131225585937500e+03
9.999298095703125000e+02
1.000131225585937500e+03
9.999298095703125000e+02
1.000131225585937500e+03
9.999298095703125000e+02
1.000131225585937500e+03
9.999298095703125000e+02
1.000131225585937500e+03
9.998291015625000000e+02
1.000231933593750000e+03
1.000030517578125000e+03
1.000131225585937500e+03
9.999298095703125000e+02
1.000030517578125000e+03
9.998291015625000000e+02
1.000231933593750000e+03
1.000030517578125000e+03
1.000131225585937500e+03
9.999298095703125000e+02
1.000030517578125000e+03
9.998291015625000000e+02
1.000231933593750000e+03
1.000030517578125000e+03
1.000131225585937500e+03
9.999298095703125000e+02
1.000030517578125000e+03
9.999298095703125000e+02
1.000131225585937500e+03
9.999298095703125000e+02
1.000131225585937500e+03
9.999298095703125000e+02
1.000131225585937500e+03
9.999298095703125000e+02
1.000131225585937500e+03
9.998291015625000000e+02
1.000231933593750000e+03
1.000030517578125000e+03
1.000131225585937500e+03
9.999298095703125000e+02
1.000030517578125000e+03
9.999298095703125000e+02
1.000131225585937500e+03
9.999298095703125000e+02
1.000131225585937500e+03
9.999298095703125000e+02
1.000131225585937500e+03
9.999298095703125000e+02
1.000131225585937500e+03
9.999298095703125000e+02
1.000131225585937500e+03
9.998291015625000000e+02
1.000231933593750000e+03
1.000030517578125000e+03
1.000131225585937500e+03
9.998291015625000000e+02
1.000231933593750000e+03
1.000030517578125000e+03
1.000131225585937500e+03
9.999298095703125000e+02
1.000030517578125000e+03
9.999298095703125000e+02
1.000030517578125000e+03
9.999298095703125000e+02
1.000131225585937500e+03
9.999298095703125000e+02
1.000131225585937500e+03
