1.001541137695312500e+03
3.286605834960937500e+03
1.876492309570312500e+03
1.041622924804687500e+03
6.180450439453125000e+02
4.535888671875000000e+02
4.411010742187500000e+02
5.057556152343750000e+02
6.000183105468750000e+02
6.973022460937500000e+02
7.837097167968750000e+02
8.522918701171875000e+02
9.066741943359375000e+02
9.455474853515625000e+02
9.716308593750000000e+02
9.883483886718750000e+02
9.979156494140625000e+02
1.003152465820312500e+03
1.005065917968750000e+03
1.005770874023437500e+03
1.004864501953125000e+03
1.004260253906250000e+03
1.003051757812500000e+03
1.002346801757812500e+03
1.001541137695312500e+03
1.001138305664062500e+03
1.000534057617187500e+03
1.000433349609375000e+03
1.000131225585937500e+03
1.000131225585937500e+03
9.999298095703125000e+02
1.000030517578125000e+03
9.999298095703125000e+02
1.000030517578125000e+03
9.999298095703125000e+02
1.000030517578125000e+03
9.999298095703125000e+02
1.000030517578125000e+03
9.999298095703125000e+02
1.000131225585937500e+03
